              0       -3.04373        10.5546     -0.0479142       0.053799
              1       -2.88681         10.292      -0.146621       0.169361
              2       -2.57913        9.77351      -0.239982       0.280802
              3       -2.13278        9.01258      -0.324606        0.38542
              4       -1.56537        8.02883       -0.39739       0.480679
              5      -0.899402        6.84763      -0.455638        0.56428
              6      -0.161456         5.4994      -0.497152       0.634218
              7       0.618736        4.01878        -0.5203       0.688832
              8        1.40936        2.44374      -0.524086       0.726844
              9        2.17767       0.814523      -0.508178       0.747393
             10        2.89117      -0.827382      -0.472924       0.750052
             11        3.51878       -2.44036      -0.419349       0.734838
             12        4.03202       -3.98376      -0.349116       0.702212
             13        4.40605       -5.41897      -0.264487       0.653059
             14        4.62064       -6.71038      -0.168236       0.588669
             15        4.66097       -7.82636     -0.0635726       0.510701
             16        4.51825       -8.74002      0.0459673       0.421135
             17        4.19017        -9.4299       0.156639       0.322221
             18        3.68109       -9.88048       0.264606       0.216426
             19        3.00204       -10.0826       0.366072       0.106363
             20        2.17047       -10.0334       0.457411    -0.00527526
             21        1.20978       -9.73688       0.535277       -0.11578
             22       0.148668       -9.20304       0.596735        -0.2225
             23      -0.979777       -8.44804       0.639347      -0.322905
             24       -2.13906       -7.49354       0.661271      -0.414646
             25       -3.29047       -6.36607       0.661318      -0.495616
             26       -4.39433       -5.09628       0.639012      -0.563999
             27       -5.41129        -3.7181       0.594601      -0.618308
             28       -6.30368       -2.26776       0.529067      -0.657426
             29       -7.03677      -0.782844       0.444104      -0.680618
             30       -7.58005       0.698727       0.342066      -0.687551
             31       -7.90825        2.13972       0.225911        -0.6783
             32       -8.00239        3.50456      0.0990994      -0.653329
             33       -7.85048         4.7602     -0.0344979      -0.613478
             34        -7.4481        5.87703      -0.170725       -0.55994
             35       -6.79876        6.82952      -0.305266      -0.494219
             36       -5.91391        7.59687      -0.433785      -0.418089
             37       -4.81284        8.16347      -0.552056      -0.333543
             38        -3.5222        8.51918       -0.65611      -0.242743
             39       -2.07534        8.65954      -0.742355      -0.147955
             40      -0.511443        8.58572      -0.807696     -0.0515026
             41        1.12561        8.30441      -0.849647      0.0443077
             42        2.78847        7.82749      -0.866404       0.137231
             43        4.42773        7.17164      -0.856925       0.225144
             44        5.99343        6.35772      -0.820967       0.306096
             45        7.43653        5.41019      -0.759102       0.378348
             46        8.71051        4.35629      -0.672717       0.440419
             47        9.77278        3.22529      -0.563973       0.491106
             48        10.5861        2.04767      -0.435763       0.529513
             49        11.1198       0.854217      -0.291615       0.555066
             50         11.351      -0.324778      -0.135608       0.567509
             51         11.265       -1.46031      0.0277613       0.566913
             52        10.8565       -2.52543       0.193693       0.553653
             53        10.1296       -3.49586       0.357242         0.5284
             54        9.09758       -4.35064       0.513465       0.492081
             55        7.78336       -5.07249       0.657563       0.445863
             56         6.2184       -5.64824       0.785033       0.391104
             57        4.44215       -6.06901       0.891812       0.329317
             58        2.50099       -6.33028       0.974401       0.262128
             59       0.446989        -6.4319        1.02998        0.19123
             60       -1.66359       -6.37787        1.05649       0.118338
             61       -3.77182       -6.17613        1.05272        0.04515
             62       -5.81784       -5.83813        1.01835     -0.0266997
             63       -7.74257       -5.37843       0.953953     -0.0956751
             64       -9.48947       -4.81408       0.861009      -0.160369
             65       -11.0062       -4.16411       0.741856      -0.219542
             66       -12.2462       -3.44887       0.599637      -0.272117
             67       -13.1702       -2.68942       0.438207       -0.31724
             68       -13.7473       -1.90687       0.262024      -0.354266
             69       -13.9562       -1.12179      0.0760371      -0.382741
             70       -13.7857      -0.353667      -0.114466      -0.402448
             71       -13.2351       0.379609      -0.304024       -0.41337
             72       -12.3149        1.06219      -0.487145      -0.415684
             73       -11.0457        1.68059      -0.658469      -0.409748
             74       -9.45858        2.22398       -0.81294       -0.39608
             75       -7.59381        2.68431      -0.945947       -0.37533
             76       -5.49996        3.05641       -1.05347      -0.348264
             77       -3.23255        3.33793       -1.13218       -0.31573
             78       -0.85255        3.52924        -1.1796      -0.278637
             79        1.57534        3.63324       -1.19409      -0.237924
             80        3.98448        3.65507         -1.175      -0.194541
             81        6.30819        3.60177       -1.12262      -0.149421
             82        8.48166        3.48192       -1.03821       -0.10346
             83        10.4438        3.30523      -0.923983     -0.0575045
             84        12.1389         3.0821      -0.783004     -0.0123346
             85        13.5184        2.82321      -0.619134      0.0313506
             86        14.5423        2.53911      -0.436917      0.0729371
             87        15.1803        2.23982       -0.24144       0.111894
             88        15.4126        1.93453     -0.0382078       0.147781
             89        15.2306        1.63128       0.167047       0.180256
             90        14.6373        1.33678       0.368489       0.209041
             91        13.6472        1.05622       0.560408       0.233933
             92        12.2858       0.793234       0.737297       0.254818
             93         10.589       0.549833       0.894119       0.271615
             94        8.60225       0.326528        1.02637       0.284302
             95        6.37914       0.122429        1.13024       0.292892
             96        3.97991     -0.0645553        1.20274       0.297425
             97        1.46984      -0.237481        1.24178       0.297967
             98       -1.08263      -0.400091         1.2462       0.294594
             99       -3.60782      -0.556507        1.21586       0.287396
            100       -6.03675      -0.710914         1.1516        0.27647
            101       -8.30311      -0.867243        1.05524       0.261921
            102       -10.3451       -1.02887       0.929503       0.243864
            103       -12.1072       -1.19833       0.777973       0.222426
            104       -13.5416        -1.3771       0.604954       0.197749
            105       -14.6099       -1.56541       0.415383       0.170015
            106       -15.2837        -1.7621       0.214626       0.139402
            107       -15.5456       -1.96456     0.00839917       0.106174
            108       -15.3898       -2.16877      -0.197469      0.0705989
            109        -14.822       -2.36934      -0.397142      0.0330201
            110       -13.8593       -2.55967      -0.584999    -0.00615586
            111       -12.5297       -2.73218      -0.755775     -0.0464836
            112       -10.8713       -2.87855        -0.9047     -0.0874368
            113       -8.93113       -2.99006       -1.02766      -0.128432
            114       -6.76375       -3.05795       -1.12128      -0.168827
            115       -4.42975       -3.07376       -1.18307      -0.207926
            116       -1.99399       -3.02979       -1.21145      -0.244998
            117        0.47628       -2.91943        -1.2058      -0.279274
            118        2.91328       -2.73757        -1.1665      -0.309977
            119        5.25067       -2.48092       -1.09487      -0.336337
            120        7.42537       -2.14827       -0.99316      -0.357604
            121        9.37934       -1.74077      -0.864485       -0.37308
            122        11.0612       -1.26206      -0.712702      -0.382131
            123        12.4275      -0.718322      -0.542307       -0.38422
            124        13.4442      -0.118303      -0.358302      -0.378922
            125        14.0871       0.526803      -0.166047      -0.365944
            126        14.3429        1.20355      0.0289056      -0.345159
            127        14.2091        1.89651       0.220975      -0.316581
            128        13.6941        2.58865       0.404695      -0.280442
            129        12.8171        3.26175       0.574911      -0.237125
            130        11.6069        3.89692       0.726889      -0.187237
            131        10.1016        4.47512       0.856478      -0.131538
            132        8.34671        4.97775       0.960211     -0.0709982
            133        6.39452        5.38726        1.03541    -0.00673793
            134        4.30195        5.68767        1.08025      0.0599742
            135        2.12912        5.86522        1.09382       0.127745
            136     -0.0624995        5.90882        1.07613       0.195087
            137        -2.2118        5.81054        1.02809       0.260456
            138       -4.25984        5.56597       0.951493       0.322282
            139       -6.15148        5.17454       0.848954        0.37901
            140       -7.83695         4.6397        0.72381       0.429144
            141       -9.27316        3.96897       0.580026       0.471282
            142       -10.4249        3.17393        0.42206       0.504162
            143       -11.2656        2.27001       0.254734       0.526694
            144       -11.7783        1.27626      0.0830802       0.538004
            145       -11.9554       0.214883     -0.0878077       0.537454
            146       -11.7995      -0.889216      -0.252931       0.524677
            147       -11.3223       -2.00908       -0.40753        0.49959
            148       -10.5449       -3.11634      -0.547229       0.462411
            149       -9.49639       -4.18202      -0.668159        0.41366
            150       -8.21316       -5.17726       -0.76707       0.354158
            151       -6.73767       -6.07417      -0.841422       0.285018
            152       -5.11699       -6.84659       -0.88945       0.207622
            153        -3.4014       -7.47092      -0.910208       0.123594
            154       -1.64276        -7.9268      -0.903591      0.0347706
            155          0.107       -8.19775      -0.870321     -0.0568447
            156        1.79749       -8.27179      -0.811918      -0.149129
            157        3.38131       -8.14183      -0.730644      -0.239882
            158        4.81541         -7.806      -0.629417      -0.326893
            159        6.06233       -7.26786       -0.51172      -0.407986
            160        7.09116       -6.53638      -0.381479      -0.481085
            161         7.8784       -5.62588      -0.242947      -0.544258
            162        8.40846       -4.55572      -0.100552      -0.595785
            163        8.67399       -3.34988      0.0412313      -0.634192
            164         8.6759       -2.03645       0.178024      -0.658303
            165        8.42316      -0.646926       0.305678      -0.667272
            166        7.93233       0.784586       0.420407      -0.660613
            167        7.22685        2.22221       0.518892      -0.638218
            168        6.33617        3.62927       0.598386       -0.60037
            169        5.29465        4.96921        0.65679      -0.547736
            170         4.1404        6.20663        0.69271      -0.481367
            171        2.91392        7.30823       0.705493      -0.402667
            172        1.65681        8.24374       0.695236      -0.313371
            173       0.410353        8.98678       0.662774        -0.2155
            174       -0.78576        9.51561       0.609644      -0.111321
            175       -1.89472        9.81379       0.538021    -0.00328402
            176       -2.88372        9.87069       0.450652       0.106029
            177       -3.72494        9.68182       0.350742       0.213977
            178       -4.39634        9.24909       0.241866       0.317915
            179       -4.88226        8.58075       0.127825       0.415274
            180       -5.17382         7.6913       0.012541       0.503618
            181       -5.26903        6.60116      -0.100086       0.580706
            182       -5.17276        5.33616      -0.206301       0.644563
            183       -4.89635        3.92695      -0.302618       0.693519
            184       -4.45714        2.40818      -0.385927       0.726261
            185       -3.87777       0.817653      -0.453596       0.741868
            186       -3.18521      -0.804667      -0.503558       0.739839
            187       -2.40983        -2.4177      -0.534364       0.720107
            188       -1.58421       -3.98034      -0.545236       0.683043
            189      -0.741977       -5.45251      -0.536082       0.629453
            190      0.0833821       -6.79626      -0.507492        0.56056
            191       0.859749       -7.97678       -0.46072       0.477966
            192        1.55748       -8.96332      -0.397632       0.383628
            193        2.15045       -9.73002      -0.320642         0.2798
            194        2.61693       -10.2567      -0.232626        0.16898
            195        2.94039       -10.5291      -0.136824      0.0538483
            196        3.10996       -10.5398      -0.036731     -0.0628014
            197        3.12088        -10.288      0.0640282      -0.178133
