         1.47253e-05         1.54803e-05          1.6274e-05
         1.71084e-05         1.79856e-05         1.89077e-05
         1.98771e-05         2.08962e-05         2.19676e-05
         2.30939e-05          2.4278e-05         2.55227e-05
         2.68313e-05         2.82069e-05         2.96532e-05
         3.11734e-05         3.27717e-05          3.4452e-05
         3.62184e-05         3.80753e-05         4.00274e-05
         4.20796e-05         4.42371e-05         4.65051e-05
         4.88895e-05          5.1396e-05         5.40311e-05
         5.68013e-05         5.97134e-05         6.27749e-05
         6.59934e-05         6.93769e-05         7.29337e-05
          7.6673e-05         8.06038e-05         8.47362e-05
         8.90806e-05         9.36475e-05         9.84488e-05
         0.000103496         0.000108802          0.00011438
         0.000120243         0.000126407         0.000132888
           0.0001397         0.000146861          0.00015439
         0.000162304         0.000170624          0.00017937
         0.000188564         0.000198229         0.000208389
         0.000219069         0.000230296         0.000242099
         0.000254506         0.000267548         0.000281256
         0.000295668         0.000310816         0.000326739
         0.000343477         0.000361069         0.000379562
            0.000399          0.00041943         0.000440903
         0.000463473         0.000487193         0.000512123
         0.000538323         0.000565857         0.000594792
         0.000625198         0.000657149         0.000690721
         0.000725995         0.000763055         0.000801989
         0.000842889         0.000885851         0.000930971
         0.000978363          0.00102813          0.00108038
          0.00113523          0.00119281          0.00125325
          0.00131666           0.0013832          0.00145298
          0.00152617           0.0016029          0.00168332
          0.00176758          0.00185584          0.00194825
          0.00204496          0.00214613           0.0022519
          0.00236243          0.00247785          0.00259831
           0.0027239          0.00285476          0.00299097
           0.0031326          0.00327971          0.00343229
          0.00359036          0.00375386          0.00392267
          0.00409666          0.00427561          0.00445924
          0.00464723          0.00483912          0.00503441
          0.00523249          0.00543266          0.00563411
           0.0058359          0.00603705           0.0062364
          0.00643272          0.00662471          0.00681096
          0.00699001          0.00716032          0.00732038
          0.00746866          0.00760366          0.00772398
          0.00782825          0.00791533          0.00798417
          0.00803396          0.00806409          0.00807417
          0.00806408          0.00803394          0.00798416
          0.00791532          0.00782825          0.00772396
          0.00760366          0.00746865          0.00732038
          0.00716031             0.00699          0.00681096
          0.00662472          0.00643273           0.0062364
          0.00603704          0.00583591           0.0056341
          0.00543266          0.00523249          0.00503441
          0.00483912          0.00464723          0.00445926
          0.00427563          0.00409665          0.00392267
          0.00375384          0.00359036          0.00343229
          0.00327969           0.0031326          0.00299097
          0.00285475          0.00272391           0.0025983
          0.00247785          0.00236242          0.00225192
          0.00214613          0.00204497          0.00194826
          0.00185583           0.0017676          0.00168332
          0.00160289          0.00152617          0.00145298
           0.0013832          0.00131667          0.00125325
          0.00119282          0.00113523          0.00108038
          0.00102813         0.000978365         0.000930975
         0.000885853         0.000842889          0.00080199
         0.000763055         0.000725995         0.000690718
         0.000657151         0.000625201         0.000594797
         0.000565854         0.000538319         0.000512115
         0.000487191          0.00046347         0.000440905
         0.000419428         0.000399002         0.000379554
         0.000361077         0.000343487         0.000326738
         0.000310815         0.000295665         0.000281256
         0.000267542         0.000254504         0.000242101
         0.000230286         0.000219062         0.000208388
         0.000198229         0.000188562          0.00017937
         0.000170619         0.000162306         0.000154396
         0.000146854         0.000139701         0.000132891
         0.000126406          0.00012024         0.000114382
         0.000108799           0.0001035         9.84411e-05
          9.3645e-05         8.90849e-05         8.47367e-05
         8.06054e-05         7.66709e-05         7.29343e-05
          6.9375e-05         6.59921e-05          6.2779e-05
         5.97114e-05         5.68035e-05         5.40328e-05
          5.1398e-05         4.88923e-05         4.64973e-05
         4.42336e-05         4.20815e-05         4.00207e-05
         3.80757e-05         3.62174e-05          3.4446e-05
         3.27719e-05         3.11697e-05         2.96487e-05
         2.82059e-05         2.68315e-05         2.55215e-05
         2.42768e-05         2.30939e-05         2.19671e-05
         2.08965e-05         1.98772e-05         1.89076e-05
         1.79856e-05         1.71085e-05         1.62748e-05
         1.54801e-05         1.47253e-05         1.40066e-05
         1.33244e-05         1.26741e-05         1.20562e-05
         1.14678e-05         1.09089e-05         1.03762e-05
         9.87107e-06         9.38935e-06         8.93147e-06
         8.49557e-06         8.08124e-06         7.68719e-06
         7.31208e-06         6.95582e-06         6.61648e-06
         6.29336e-06         5.98628e-06          5.6947e-06
         5.41682e-06         5.15275e-06         4.90159e-06
         4.66238e-06         4.43532e-06          4.2189e-06
         4.01281e-06         3.81737e-06         3.63126e-06
         3.45422e-06          3.2852e-06         3.12567e-06
           2.973e-06         2.82824e-06         2.68972e-06
         2.55859e-06         2.43409e-06         2.31544e-06
         2.20252e-06         2.09521e-06         1.99286e-06
         1.89566e-06         1.80321e-06          1.7152e-06
         1.63164e-06         1.55202e-06          1.4763e-06
          1.4044e-06         1.33582e-06          1.2707e-06
         1.20872e-06         1.14975e-06         1.09367e-06
         1.04033e-06         9.89607e-07         9.41299e-07
         8.95459e-07         8.51757e-07         8.10183e-07
         7.70673e-07          7.3313e-07         6.97332e-07
         6.63353e-07         6.30998e-07         6.00219e-07
         5.70996e-07         5.43055e-07         5.16653e-07
         4.91402e-07         4.67475e-07         4.44647e-07
         4.22964e-07          4.0232e-07         3.82719e-07
         3.64069e-07         3.46308e-07         3.29404e-07
          3.1336e-07           2.981e-07         2.83516e-07
         2.69698e-07         2.56525e-07         2.44008e-07
         2.32156e-07         2.20827e-07         2.10054e-07
         1.99796e-07         1.90059e-07         1.80784e-07
         1.71973e-07         1.63581e-07         1.55606e-07
         1.48014e-07         1.40798e-07         1.33933e-07
         1.27398e-07         1.21183e-07         1.15275e-07
          1.0965e-07         1.04307e-07          9.9219e-08
         9.43863e-08         8.97744e-08         8.53996e-08
         8.12311e-08         7.72722e-08         7.35074e-08
         6.99156e-08         6.65124e-08         6.32645e-08
         6.01799e-08         5.72449e-08         5.44524e-08
          5.1798e-08         4.92713e-08         4.68714e-08
         4.45812e-08         4.24072e-08         4.03425e-08
           3.837e-08         4.38594e-05         4.61081e-05
         4.84721e-05         5.09573e-05           5.357e-05
         5.63165e-05         5.92039e-05         6.22394e-05
         6.54305e-05         6.87852e-05         7.23118e-05
         7.60193e-05         7.99169e-05         8.40143e-05
         8.83218e-05           9.285e-05         9.76105e-05
         0.000102615         0.000107876         0.000113407
         0.000119222         0.000125334          0.00013176
         0.000138515         0.000145617         0.000153083
         0.000160931         0.000169182         0.000177856
         0.000186975         0.000196561         0.000206639
         0.000217233          0.00022837         0.000240078
         0.000252387         0.000265326         0.000278929
         0.000293229         0.000308262         0.000324065
         0.000340679         0.000358144         0.000376504
         0.000395805         0.000416096         0.000437426
         0.000459849         0.000483421         0.000508202
         0.000534252         0.000561636         0.000590423
         0.000620685         0.000652497         0.000685937
         0.000721091         0.000758044         0.000796889
         0.000837721         0.000880645         0.000925764
         0.000973191          0.00102304          0.00107544
          0.00113052          0.00118842          0.00124927
          0.00131323          0.00138045           0.0014511
          0.00152536          0.00160339           0.0016854
          0.00177159          0.00186215          0.00195732
          0.00205731          0.00216237          0.00227276
          0.00238872          0.00251054           0.0026385
           0.0027729          0.00291405          0.00306227
           0.0032179          0.00338128          0.00355279
          0.00373279          0.00392167          0.00411984
          0.00432771           0.0045457          0.00477423
          0.00501377          0.00526474          0.00552762
          0.00580286          0.00609091          0.00639224
          0.00670728           0.0070365          0.00738028
          0.00773904          0.00811313          0.00850289
          0.00890858          0.00933043          0.00976858
           0.0102231           0.0106939           0.0111808
           0.0116837           0.0122019           0.0127349
           0.0132818           0.0138418           0.0144133
            0.014995            0.015585           0.0161812
           0.0167812           0.0173822           0.0179813
           0.0185751           0.0191598           0.0197317
           0.0202864           0.0208197            0.021327
           0.0218037           0.0222454           0.0226475
           0.0230058           0.0233164           0.0235758
           0.0237808           0.0239291           0.0240188
           0.0240489           0.0240188           0.0239291
           0.0237808           0.0235758           0.0233164
           0.0230058           0.0226475           0.0222454
           0.0218037            0.021327           0.0208197
           0.0202864           0.0197317           0.0191599
           0.0185751           0.0179813           0.0173822
           0.0167812           0.0161812            0.015585
            0.014995           0.0144133           0.0138418
           0.0132819           0.0127349           0.0122019
           0.0116837           0.0111808           0.0106939
           0.0102231          0.00976857          0.00933044
          0.00890859          0.00850288          0.00811315
          0.00773905          0.00738028          0.00703649
          0.00670731          0.00639225          0.00609093
          0.00580288          0.00552761          0.00526476
          0.00501377          0.00477422           0.0045457
          0.00432772          0.00411986          0.00392169
           0.0037328           0.0035528          0.00338129
          0.00321791          0.00306227          0.00291406
          0.00277291          0.00263851          0.00251054
          0.00238872          0.00227276          0.00216237
          0.00205731          0.00195731          0.00186215
          0.00177159          0.00168539          0.00160338
          0.00152534          0.00145109          0.00138044
          0.00131322          0.00124926          0.00118841
          0.00113051          0.00107544          0.00102304
          0.00097318         0.000925756         0.000880635
         0.000837714         0.000796876         0.000758035
         0.000721085         0.000685919         0.000652483
         0.000620678         0.000590417         0.000561628
         0.000534246         0.000508191         0.000483419
          0.00045985         0.000437414         0.000416091
         0.000395804         0.000376498         0.000358136
         0.000340677         0.000324058         0.000308261
         0.000293218         0.000278922         0.000265327
         0.000252384         0.000240077         0.000228365
          0.00021723         0.000206634         0.000196557
         0.000186976         0.000177852         0.000169182
         0.000160931         0.000153082         0.000145617
         0.000138506         0.000131754         0.000125334
         0.000119213         0.000113406         0.000107874
         0.000102607         9.76095e-05         9.28453e-05
         8.83167e-05         8.40118e-05          7.9916e-05
         7.60171e-05         7.23097e-05         6.87841e-05
         6.54287e-05         6.22388e-05         5.92033e-05
         5.63157e-05         5.35692e-05         5.09567e-05
         4.84722e-05         4.61073e-05         4.38587e-05
         4.17192e-05         3.96854e-05         3.77495e-05
         3.59087e-05         3.41569e-05         3.24914e-05
         3.09061e-05         2.93999e-05         2.79657e-05
         2.66018e-05         2.53041e-05           2.407e-05
         2.28962e-05         2.17793e-05         2.07175e-05
          1.9707e-05         1.87454e-05          1.7831e-05
         1.69618e-05         1.61344e-05         1.53476e-05
         1.45993e-05         1.38871e-05         1.32102e-05
         1.25658e-05         1.19526e-05           1.137e-05
         1.08155e-05         1.02881e-05         9.78569e-06
          9.3092e-06         8.85495e-06         8.42334e-06
          8.0119e-06         7.62126e-06         7.24982e-06
         6.89626e-06         6.56001e-06         6.24015e-06
         5.93563e-06         5.64615e-06         5.37079e-06
         5.10878e-06         4.85972e-06         4.62267e-06
         4.39719e-06         4.18284e-06         3.97875e-06
         3.78473e-06         3.60014e-06         3.42454e-06
         3.25752e-06         3.09865e-06         2.94754e-06
         2.80374e-06         2.66706e-06         2.53696e-06
         2.41321e-06         2.29551e-06          2.1836e-06
         2.07707e-06         1.97578e-06         1.87943e-06
         1.78776e-06         1.70062e-06          1.6176e-06
         1.53878e-06         1.46368e-06         1.39234e-06
         1.32439e-06         1.25981e-06         1.19836e-06
         1.13993e-06         1.08435e-06         1.03146e-06
         9.81139e-07         9.33313e-07         8.87811e-07
         8.44469e-07         8.03297e-07         7.64098e-07
          7.2683e-07         6.91425e-07           6.577e-07
         6.25619e-07         5.95095e-07         5.66079e-07
         5.38467e-07         5.12211e-07         4.87225e-07
         4.63466e-07         4.40859e-07         4.19361e-07
          3.9891e-07         3.79451e-07         3.60944e-07
         3.43342e-07         3.26594e-07         3.10671e-07
         2.95519e-07         2.81112e-07         2.67394e-07
         2.54357e-07         2.41947e-07         2.30151e-07
          2.1893e-07         2.08246e-07         1.98095e-07
         1.88431e-07         1.79242e-07           1.705e-07
         1.62184e-07         1.54276e-07          1.4675e-07
         1.39597e-07         1.32784e-07         1.26308e-07
         1.20152e-07         1.14287e-07