              0       -5.06461        4.41395       -5.06461        4.41395
              1       -5.14401        4.46046       -5.14401        4.46046
              2       -5.06461        4.41398       -5.06461        4.41398
              3       -4.82886        4.27548       -4.82886        4.27548
              4       -4.44403        4.04785       -4.44403        4.04785
              5       -3.92201        3.73582       -3.92201        3.73582
              6       -3.27892        3.34591       -3.27892        3.34591
              7        -2.5346        2.88625        -2.5346        2.88625
              8       -1.71203        2.36642       -1.71203        2.36642
              9      -0.836607        1.79725      -0.836607        1.79725
             10      0.0646409        1.19061      0.0646409        1.19061
             11       0.963893       0.559149       0.963893       0.559149
             12        1.83339      -0.083967        1.83339      -0.083967
             13        2.64629      -0.725333        2.64629      -0.725333
             14        3.37749       -1.35158        3.37749       -1.35158
             15        4.00442       -1.94964        4.00442       -1.94964
             16        4.50773       -2.50707        4.50773       -2.50707
             17        4.87189       -3.01222        4.87189       -3.01222
             18        5.08564       -3.45458        5.08564       -3.45458
             19        5.14239       -3.82491        5.14239       -3.82491
             20        5.04039       -4.11551        5.04039       -4.11551
             21        4.78278        -4.3203        4.78278        -4.3203
             22        4.37753       -4.43503        4.37753       -4.43503
             23        3.83713        -4.4573        3.83713        -4.4573
             24        3.17828       -4.38664        3.17828       -4.38664
             25        2.42131       -4.22453        2.42131       -4.22453
             26        1.58959       -3.97435        1.58959       -3.97435
             27       0.708793       -3.64131       0.708793       -3.64131
             28      -0.193881       -3.23236      -0.193881       -3.23236
             29       -1.09057       -2.75602       -1.09057       -2.75602
             30       -1.95359       -2.22223       -1.95359       -2.22223
             31        -2.7563        -1.6421        -2.7563        -1.6421
             32       -3.47392       -1.02775       -3.47392       -1.02775
             33        -4.0843      -0.391962        -4.0843      -0.391962
             34       -4.56859       0.251994       -4.56859       0.251994
             35       -4.91184       0.890696       -4.91184       0.890696
             36       -5.10345        1.51083       -5.10345        1.51083
             37       -5.13752        2.09947       -5.13752        2.09947
             38       -5.01298        2.64433       -5.01298        2.64433
             39       -4.73368        3.13407       -4.73368        3.13407
             40       -4.30825        3.55847       -4.30825        3.55847
             41       -3.74982        3.90868       -3.74982        3.90868
             42       -3.07563        4.17741       -3.07563        4.17741
             43       -2.30649        4.35905       -2.30649        4.35905
             44       -1.46614        4.44981       -1.46614        4.44981
             45      -0.580531         4.4478      -0.580531         4.4478
             46       0.322999        4.35306       0.322999        4.35306
             47        1.21656        4.16758        1.21656        4.16758
             48        2.07256        3.89521        2.07256        3.89521
             49        2.86458        3.54163        2.86458        3.54163
             50        3.56817        3.11422        3.56817        3.11422
             51         4.1616        2.62188         4.1616        2.62188
             52        4.62655        2.07488        4.62655        2.07488
             53        4.94868        1.48463        4.94868        1.48463
             54        5.11804       0.863423        5.11804       0.863423
             55         5.1294       0.224217         5.1294       0.224217
             56         4.9824      -0.419663         4.9824      -0.419663
             57         4.6816       -1.05479         4.6816       -1.05479
             58        4.23626       -1.66793        4.23626       -1.66793
             59        3.66015        -2.2463        3.66015        -2.2463
             60        2.97104       -2.77784        2.97104       -2.77784
             61        2.19021       -3.25147        2.19021       -3.25147
             62        1.34177       -3.65731        1.34177       -3.65731
             63       0.451903        -3.9869       0.451903        -3.9869
             64      -0.451913       -4.23338      -0.451913       -4.23338
             65       -1.34178        -4.3916       -1.34178        -4.3916
             66       -2.19022       -4.45826       -2.19022       -4.45826
             67       -2.97105       -4.43198       -2.97105       -4.43198
             68       -3.66015        -4.3133       -3.66015        -4.3133
             69       -4.23627        -4.1047       -4.23627        -4.1047
             70        -4.6816       -3.81053        -4.6816       -3.81053
             71       -4.98241       -3.43691       -4.98241       -3.43691
             72        -5.1294       -2.99165        -5.1294       -2.99165
             73       -5.11804       -2.48401       -5.11804       -2.48401
             74       -4.94868       -1.92459       -4.94868       -1.92459
             75       -4.62655       -1.32504       -4.62655       -1.32504
             76       -4.16159      -0.697873       -4.16159      -0.697873
             77       -3.56816     -0.0561544       -3.56816     -0.0561544
             78       -2.86457       0.586735       -2.86457       0.586735
             79       -2.07255        1.21739       -2.07255        1.21739
             80       -1.21655        1.82267       -1.21655        1.82267
             81      -0.322989        2.38995      -0.322989        2.38995
             82       0.580541         2.9074       0.580541         2.9074
             83        1.46615        3.36424        1.46615        3.36424
             84         2.3065        3.75095         2.3065        3.75095
             85        3.07564        4.05945        3.07564        4.05945
             86        3.74983        4.28333        3.74983        4.28333
             87        4.30826         4.4179        4.30826         4.4179
             88        4.73369        4.46038        4.73369        4.46038
             89        5.01298        4.40986        5.01298        4.40986
             90        5.13752        4.26741        5.13752        4.26741
             91        5.10345        4.03599        5.10345        4.03599
             92        4.91183        3.72043        4.91183        3.72043
             93        4.56858        3.32731        4.56858        3.32731
             94        4.08429        2.86482        4.08429        2.86482
             95        3.47392        2.34261        3.47392        2.34261
             96        2.75629        1.77156        2.75629        1.77156
             97        1.95358        1.16357        1.95358        1.16357
             98        1.09056       0.531331        1.09056       0.531331
             99       0.193871      -0.111989       0.193871      -0.111989
            100      -0.708803      -0.752974      -0.708803      -0.752974
            101        -1.5896       -1.37826        -1.5896       -1.37826
            102       -2.42131       -1.97481       -2.42131       -1.97481
            103       -3.17828        -2.5302       -3.17828        -2.5302
            104       -3.83714       -3.03283       -3.83714       -3.03283
            105       -4.37753       -3.47224       -4.37753       -3.47224
            106       -4.78279       -3.83926       -4.78279       -3.83926
            107       -5.04039       -4.12623       -5.04039       -4.12623
            108       -5.14239       -4.32719       -5.14239       -4.32719
            109       -5.08564       -4.43793       -5.08564       -4.43793
            110       -4.87188       -4.45616       -4.87188       -4.45616
            111       -4.50773       -4.38148       -4.50773       -4.38148
            112       -4.00442       -4.21545       -4.00442       -4.21545
            113       -3.37748       -3.96155       -3.37748       -3.96155
            114       -2.64628       -3.62505       -2.64628       -3.62505
            115       -1.83338       -3.21298       -1.83338       -3.21298
            116      -0.963883       -2.73393      -0.963883       -2.73393
            117     -0.0646308       -2.19788     -0.0646308       -2.19788
            118       0.836617       -1.61601       0.836617       -1.61601
            119        1.71204       -1.00045        1.71204       -1.00045
            120         2.5346      -0.364034         2.5346      -0.364034
            121        3.27893       0.279972        3.27893       0.279972
            122        3.92202       0.918142        3.92202       0.918142
            123        4.44404        1.53717        4.44404        1.53717
            124        4.82886        2.12415        4.82886        2.12415
            125        5.06461        2.66685        5.06461        2.66685
            126        5.14401        3.15395        5.14401        3.15395
            127        5.06461         3.5753        5.06461         3.5753
            128        4.82886        3.92211        4.82886        3.92211
            129        4.44403        4.18715        4.44403        4.18715
            130        3.92201         4.3649        3.92201         4.3649
            131        3.27891        4.45166        3.27891        4.45166
            132        2.53459         4.4456        2.53459         4.4456
            133        1.71202        4.34687        1.71202        4.34687
            134       0.836598        4.15751       0.836598        4.15751
            135     -0.0646504        3.88147     -0.0646504        3.88147
            136      -0.963903        3.52452      -0.963903        3.52452
            137        -1.8334        3.09409        -1.8334        3.09409
            138       -2.64629        2.59915       -2.64629        2.59915
            139       -3.37749        2.05003       -3.37749        2.05003
            140       -4.00443        1.45817       -4.00443        1.45817
            141       -4.50774       0.835908       -4.50774       0.835908
            142       -4.87189        0.19622       -4.87189        0.19622
            143       -5.08564      -0.447558       -5.08564      -0.447558
            144       -5.14239       -1.08201       -5.14239       -1.08201
            145       -5.04039        -1.6939       -5.04039        -1.6939
            146       -4.78278       -2.27047       -4.78278       -2.27047
            147       -4.37752       -2.79972       -4.37752       -2.79972
            148       -3.83712       -3.27059       -3.83712       -3.27059
            149       -3.17827       -3.67328       -3.17827       -3.67328
            150        -2.4213       -3.99939        -2.4213       -3.99939
            151       -1.58958       -4.24212       -1.58958       -4.24212
            152      -0.708784       -4.39642      -0.708784       -4.39642
            153       0.193891       -4.45905       0.193891       -4.45905
            154        1.09058       -4.42873        1.09058       -4.42873
            155         1.9536       -4.30608         1.9536       -4.30608
            156        2.75631       -4.09365        2.75631       -4.09365
            157        3.47393       -3.79588        3.47393       -3.79588
            158        4.08431       -3.41898        4.08431       -3.41898
            159        4.56859        -2.9708        4.56859        -2.9708
            160        4.91184       -2.46068        4.91184       -2.46068
            161        5.10345       -1.89927        5.10345       -1.89927
            162        5.13752       -1.29825        5.13752       -1.29825
            163        5.01298      -0.670176        5.01298      -0.670176
            164        4.73368     -0.0281273        4.73368     -0.0281273
            165        4.30825       0.614508        4.30825       0.614508
            166        3.74982        1.24433        3.74982        1.24433
            167        3.07562        1.84822        3.07562        1.84822
            168        2.30648        2.41357        2.30648        2.41357
            169        1.46613         2.9286        1.46613         2.9286
            170       0.580522        3.38258       0.580522        3.38258
            171      -0.323009        3.76604      -0.323009        3.76604
            172       -1.21657        4.07099       -1.21657        4.07099
            173       -2.07257        4.29106       -2.07257        4.29106
            174       -2.86459        4.42168       -2.86459        4.42168
            175       -3.56817        4.46011       -3.56817        4.46011
            176        -4.1616        4.40556        -4.1616        4.40556
            177       -4.62656        4.25917       -4.62656        4.25917
            178       -4.94869        4.02398       -4.94869        4.02398
            179       -5.11804         3.7049       -5.11804         3.7049
            180        -5.1294        3.30858        -5.1294        3.30858
            181        -4.9824        2.84328        -4.9824        2.84328
            182       -4.68159        2.31871       -4.68159        2.31871
            183       -4.23626         1.7458       -4.23626         1.7458
            184       -3.66014        1.13649       -3.66014        1.13649
            185       -2.97103       0.503492       -2.97103       0.503492
            186        -2.1902      -0.140006        -2.1902      -0.140006
            187       -1.34176      -0.780585       -1.34176      -0.780585
            188      -0.451893       -1.40489      -0.451893       -1.40489
            189       0.451922       -1.99991       0.451922       -1.99991
            190        1.34179       -2.55323        1.34179       -2.55323
            191        2.19023       -3.05332        2.19023       -3.05332
            192        2.97105       -3.48976        2.97105       -3.48976
            193        3.66016       -3.85345        3.66016       -3.85345
            194        4.23627        -4.1368        4.23627        -4.1368
            195         4.6816        -4.3339         4.6816        -4.3339
            196        4.98241       -4.44066        4.98241       -4.44066
            197         5.1294       -4.45484         5.1294       -4.45484
