              0       0.900321       -0.64246      -0.900321        0.64246
              1   -3.78679e-07   -0.000106118    3.78678e-07    0.000106118
              2      -0.900321        0.64225       0.900321       -0.64225
              3       -1.77285        1.27122        1.77285       -1.27122
              4       -2.59065        1.87368        2.59065       -1.87368
              5       -3.32847        2.43708        3.32847       -2.43708
              6       -3.96353        2.94968        3.96353       -2.94968
              7       -4.47624        3.40078        4.47624       -3.40078
              8       -4.85076        3.78098        4.85076       -3.78098
              9       -5.07553        4.08236        5.07553       -4.08236
             10       -5.14361        4.29863        5.14361       -4.29863
             11        -5.0529        4.42528         5.0529       -4.42528
             12        -4.8062        4.45967         4.8062       -4.45967
             13       -4.41113        4.40109        4.41113       -4.40109
             14       -3.87988        4.25076        3.87988       -4.25076
             15       -3.22885        4.01181        3.22885       -4.01181
             16       -2.47815        3.68922        2.47815       -3.68922
             17       -1.65094        3.28972        1.65094       -3.28972
             18      -0.772761        2.82164       0.772761       -2.82164
             19       0.129271        2.29473      -0.129271       -2.29473
             20        1.02731        1.71998       -1.02731       -1.71998
             21        1.89364        1.10937       -1.89364       -1.10937
             22        2.70151        0.47564       -2.70151       -0.47564
             23        3.42598       -0.16801       -3.42598        0.16801
             24        4.04468      -0.808158       -4.04468       0.808158
             25        4.53852       -1.43146       -4.53852        1.43146
             26        4.89225       -2.02491       -4.89225        2.02491
             27        5.09495       -2.57616       -5.09495        2.57616
             28        5.14036       -3.07369       -5.14036        3.07369
             29        5.02708       -3.50715       -5.02708        3.50715
             30        4.75861       -3.86749       -4.75861        3.86749
             31        4.34323        -4.1472       -4.34323         4.1472
             32        3.79378       -4.34045       -3.79378        4.34045
             33         3.1272       -4.44321        -3.1272        4.44321
             34        2.36408       -4.45334       -2.36408        4.45334
             35        1.52798       -4.37063       -1.52798        4.37063
             36       0.644713        -4.1968      -0.644713         4.1968
             37      -0.258461       -3.93548       0.258461        3.93548
             38       -1.15365       -3.59211        1.15365        3.59211
             39       -2.01323       -3.17385        2.01323        3.17385
             40       -2.81066       -2.68943        2.81066        2.68943
             41       -3.52132       -2.14894        3.52132        2.14894
             42       -4.12327       -1.56364        4.12327        1.56364
             43       -4.59793      -0.945753        4.59793       0.945753
             44       -4.93065      -0.308144        4.93065       0.308144
             45       -5.11115       0.335888        5.11115      -0.335888
             46       -5.13386       0.972918        5.13386      -0.972918
             47       -4.99809        1.58966        4.99809       -1.58966
             48       -4.70801        2.17327        4.70801       -2.17327
             49       -4.27259        2.71157        4.27259       -2.71157
             50       -3.70528        3.19334        3.70528       -3.19334
             51       -3.02357        3.60853        3.02357       -3.60853
             52       -2.24853        3.94849        2.24853       -3.94849
             53       -1.40406        4.20614        1.40406       -4.20614
             54      -0.516258         4.3761       0.516258        -4.3761
             55       0.387487        4.45483      -0.387487       -4.45483
             56        1.27927        4.44068       -1.27927       -4.44068
             57        2.13156        4.33395       -2.13156       -4.33395
             58        2.91804        4.13688       -2.91804       -4.13688
             59        3.61444        3.85355       -3.61444       -3.85355
             60        4.19926        3.48989       -4.19926       -3.48989
             61        4.65445        3.05347       -4.65445       -3.05347
             62        4.96594         2.5534       -4.96594        -2.5534
             63        5.12413        2.00009       -5.12413       -2.00009
             64        5.12412        1.40509       -5.12412       -1.40509
             65        4.96594       0.780787       -4.96594      -0.780787
             66        4.65444       0.140211       -4.65444      -0.140211
             67        4.19926      -0.503288       -4.19926       0.503288
             68        3.61444       -1.13629       -3.61444        1.13629
             69        2.91803       -1.74561       -2.91803        1.74561
             70        2.13155       -2.31854       -2.13155        2.31854
             71        1.27926       -2.84313       -1.27926        2.84313
             72       0.387476       -3.30844      -0.387476        3.30844
             73      -0.516268       -3.70479       0.516268        3.70479
             74       -1.40407       -4.02389        1.40407        4.02389
             75       -2.24853       -4.25911        2.24853        4.25911
             76       -3.02358       -4.40553        3.02358        4.40553
             77       -3.70528       -4.46011        3.70528        4.46011
             78        -4.2726       -4.42171         4.2726        4.42171
             79       -4.70802       -4.29112        4.70802        4.29112
             80       -4.99809       -4.07107        4.99809        4.07107
             81       -5.13386       -3.76615        5.13386        3.76615
             82       -5.11115       -3.38271        5.11115        3.38271
             83       -4.93065       -2.92876        4.93065        2.92876
             84       -4.59793       -2.41374        4.59793        2.41374
             85       -4.12327        -1.8484        4.12327         1.8484
             86       -3.52131       -1.24453        3.52131        1.24453
             87       -2.81065      -0.614711        2.81065       0.614711
             88       -2.01323       0.027922        2.01323      -0.027922
             89       -1.15365       0.669973        1.15365      -0.669973
             90       -0.25845        1.29806        0.25845       -1.29806
             91       0.644723        1.89908      -0.644723       -1.89908
             92        1.52799        2.46051       -1.52799       -2.46051
             93        2.36409        2.97064       -2.36409       -2.97064
             94        3.12721        3.41885       -3.12721       -3.41885
             95        3.79378        3.79578       -3.79378       -3.79578
             96        4.34324        4.09357       -4.34324       -4.09357
             97        4.75861        4.30602       -4.75861       -4.30602
             98        5.02708        4.42871       -5.02708       -4.42871
             99        5.14036        4.45906       -5.14036       -4.45906
            100        5.09495        4.39645       -5.09495       -4.39645
            101        4.89225        4.24219       -4.89225       -4.24219
            102        4.53851        3.99948       -4.53851       -3.99948
            103        4.04467         3.6734       -4.04467        -3.6734
            104        3.42597        3.27073       -3.42597       -3.27073
            105         2.7015        2.79988        -2.7015       -2.79988
            106        1.89363        2.27065       -1.89363       -2.27065
            107         1.0273        1.69409        -1.0273       -1.69409
            108       0.129261        1.08221      -0.129261       -1.08221
            109      -0.772771       0.447762       0.772771      -0.447762
            110       -1.65095      -0.196015        1.65095       0.196015
            111       -2.47816      -0.835706        2.47816       0.835706
            112       -3.22886       -1.45798        3.22886        1.45798
            113       -3.87989       -2.04985        3.87989        2.04985
            114       -4.41113       -2.59899        4.41113        2.59899
            115        -4.8062       -3.09394         4.8062        3.09394
            116        -5.0529        -3.5244         5.0529         3.5244
            117       -5.14361       -3.88137        5.14361        3.88137
            118       -5.07553       -4.15743        5.07553        4.15743
            119       -4.85075       -4.34682        4.85075        4.34682
            120       -4.47623       -4.44558        4.47623        4.44558
            121       -3.96353       -4.45167        3.96353        4.45167
            122       -3.32846       -4.36495        3.32846        4.36495
            123       -2.59064       -4.18722        2.59064        4.18722
            124       -1.77284       -3.92221        1.77284        3.92221
            125      -0.900312       -3.57542       0.900312        3.57542
            126    9.81445e-06        -3.1541   -9.81445e-06         3.1541
            127       0.900331       -2.66702      -0.900331        2.66702
            128        1.77286       -2.12433       -1.77286        2.12433
            129        2.59065       -1.53736       -2.59065        1.53736
            130        3.32847      -0.918343       -3.32847       0.918343
            131        3.96354      -0.280177       -3.96354       0.280177
            132        4.47624        0.36383       -4.47624       -0.36383
            133        4.85076        1.00025       -4.85076       -1.00025
            134        5.07553        1.61582       -5.07553       -1.61582
            135        5.14361         2.1977       -5.14361        -2.1977
            136         5.0529        2.73377        -5.0529       -2.73377
            137         4.8062        3.21284        -4.8062       -3.21284
            138        4.41112        3.62493       -4.41112       -3.62493
            139        3.87987        3.96145       -3.87987       -3.96145
            140        3.22884        4.21539       -3.22884       -4.21539
            141        2.47814        4.38144       -2.47814       -4.38144
            142        1.65093        4.45615       -1.65093       -4.45615
            143       0.772752        4.43795      -0.772752       -4.43795
            144      -0.129281        4.32724       0.129281       -4.32724
            145       -1.02732        4.12631        1.02732       -4.12631
            146       -1.89365        3.83936        1.89365       -3.83936
            147       -2.70152        3.47237        2.70152       -3.47237
            148       -3.42598        3.03298        3.42598       -3.03298
            149       -4.04469        2.53037        4.04469       -2.53037
            150       -4.53852          1.975        4.53852         -1.975
            151       -4.89225        1.37846        4.89225       -1.37846
            152       -5.09495       0.753176        5.09495      -0.753176
            153       -5.14036       0.112194        5.14036      -0.112194
            154       -5.02708      -0.531127        5.02708       0.531127
            155       -4.75861       -1.16338        4.75861        1.16338
            156       -4.34323       -1.77137        4.34323        1.77137
            157       -3.79377       -2.34244        3.79377        2.34244
            158       -3.12719       -2.86467        3.12719        2.86467
            159       -2.36407       -3.32718        2.36407        3.32718
            160       -1.52797       -3.72032        1.52797        3.72032
            161      -0.644704       -4.03591       0.644704        4.03591
            162        0.25847       -4.26735       -0.25847        4.26735
            163        1.15366       -4.40983       -1.15366        4.40983
            164        2.01324       -4.46038       -2.01324        4.46038
            165        2.81067       -4.41793       -2.81067        4.41793
            166        3.52133       -4.28338       -3.52133        4.28338
            167        4.12328       -4.05954       -4.12328        4.05954
            168        4.59794       -3.75106       -4.59794        3.75106
            169        4.93065       -3.36438       -4.93065        3.36438
            170        5.11115       -2.90756       -5.11115        2.90756
            171        5.13386       -2.39012       -5.13386        2.39012
            172        4.99808       -1.82286       -4.99808        1.82286
            173        4.70801       -1.21759       -4.70801        1.21759
            174        4.27259      -0.586939       -4.27259       0.586939
            175        3.70527      0.0559491       -3.70527     -0.0559491
            176        3.02356        0.69767       -3.02356       -0.69767
            177        2.24852        1.32485       -2.24852       -1.32485
            178        1.40406         1.9244       -1.40406        -1.9244
            179       0.516248        2.48384      -0.516248       -2.48384
            180      -0.387496        2.99149       0.387496       -2.99149
            181       -1.27928        3.43678        1.27928       -3.43678
            182       -2.13157        3.81042        2.13157       -3.81042
            183       -2.91805        4.10462        2.91805       -4.10462
            184       -3.61445        4.31325        3.61445       -4.31325
            185       -4.19927        4.43196        4.19927       -4.43196
            186       -4.65445        4.45827        4.65445       -4.45827
            187       -4.96594        4.39163        4.96594       -4.39163
            188       -5.12413        4.23344        5.12413       -4.23344
            189       -5.12412        3.98699        5.12412       -3.98699
            190       -4.96593        3.65742        4.96593       -3.65742
            191       -4.65444        3.25161        4.65444       -3.25161
            192       -4.19925          2.778        4.19925         -2.778
            193       -3.61443        2.24648        3.61443       -2.24648
            194       -2.91803        1.66813        2.91803       -1.66813
            195       -2.13154        1.05499        2.13154       -1.05499
            196       -1.27925       0.419867        1.27925      -0.419867
            197      -0.387467      -0.224012       0.387467       0.224012
