              0       -1.96114       -1.96114       0.101875      0.0838422
              1       -1.96908       -1.96908      0.0419323     0.00542583
              2       -1.95734       -1.95734      0.0172595     -0.0145926
              3       -1.92604       -1.92604     0.00710412       -0.00447
              4        -1.8755        -1.8755     0.00292409     0.00170804
              5       -1.80622       -1.80622     0.00120357     0.00124922
              6        -1.7189        -1.7189    0.000495397   -2.86367e-05
              7        -1.6144        -1.6144    0.000203908   -0.000243254
              8       -1.49377       -1.49377    8.39295e-05   -5.19687e-05
              9       -1.35821       -1.35821    3.45458e-05    3.37913e-05
             10       -1.20908       -1.20908    1.42193e-05    1.78108e-05
             11       -1.04787       -1.04787    5.85272e-06    -2.1952e-06
             12      -0.876194      -0.876194    2.40901e-06   -3.88979e-06
             13      -0.695761      -0.695761    9.91561e-07   -5.02118e-07
             14      -0.508376      -0.508376    4.08132e-07     6.1794e-07
             15      -0.315911      -0.315911    1.67989e-07    2.40848e-07
             16       -0.12029       -0.12029    6.91452e-08    -6.0164e-08
             17      0.0765323      0.0765323    2.84605e-08   -5.97908e-08
             18        0.27259        0.27259    1.17145e-08   -2.71622e-09
             19       0.465925       0.465925    4.82175e-09    1.06786e-08
             20       0.654604       0.654604    1.98466e-09    3.03359e-09
             21       0.836743       0.836743    8.16896e-10   -1.30593e-09
             22        1.01052        1.01052    3.36239e-10   -8.82413e-10
             23         1.1742         1.1742    1.38398e-10    3.90495e-11
             24        1.32615        1.32615    5.69652e-11    1.76268e-10
             25        1.46485        1.46485    2.34472e-11    3.41937e-11
             26        1.58891        1.58891    9.65098e-12   -2.53034e-11
             27         1.6971         1.6971    3.97239e-12   -1.24432e-11
             28        1.78833        1.78833    1.63506e-12    1.85467e-12
             29        1.86169        1.86169    6.72999e-13    2.79327e-12
             30        1.91645        1.91645     2.7701e-13    3.07887e-13
             31        1.95206        1.95206    1.14019e-13   -4.56174e-13
             32        1.96817        1.96817    4.69307e-14   -1.65912e-13
             33        1.96461        1.96461    1.93169e-14    4.72183e-14
             34        1.94142        1.94142    7.95094e-15      4.255e-14
             35        1.89883        1.89883    3.27265e-15    1.09945e-15
             36        1.83728        1.83728    1.34704e-15   -7.79603e-15
             37        1.75736        1.75736    5.54449e-16   -2.04744e-15
             38        1.65988        1.65988    2.28214e-16    9.92874e-16
             39        1.54582        1.54582    9.39341e-17     6.2186e-16
             40        1.41632        1.41632    3.86638e-17   -4.12543e-17
             41        1.27266        1.27266    1.59142e-17   -1.27462e-16
             42        1.11629        1.11629    6.55037e-18   -2.22614e-17
             43       0.948763       0.948763    2.69617e-18    1.88785e-17
             44       0.771757       0.771757    1.10976e-18    8.66842e-18
             45        0.58704        0.58704    4.56782e-19   -1.52891e-18
             46       0.396457       0.396457    1.88014e-19   -2.00179e-18
             47       0.201913       0.201913    7.73875e-20   -1.82827e-19
             48     0.00535141     0.00535141    3.18531e-20    3.35838e-19
             49      -0.191264      -0.191264    1.31109e-20    1.13845e-19
             50      -0.385968      -0.385968    5.39651e-21   -3.67206e-20
             51      -0.576815      -0.576815    2.22123e-21   -3.02162e-20
             52      -0.761899      -0.761899    9.14272e-22   -1.76988e-22
             53      -0.939371      -0.939371    3.76319e-22    5.67868e-21
             54       -1.10746       -1.10746    1.54895e-22    1.37326e-21
             55       -1.26448       -1.26448    6.37555e-23   -7.51081e-22
             56       -1.40886       -1.40886    2.62421e-23   -4.37181e-22
             57       -1.53917       -1.53917    1.08014e-23    3.90495e-23
             58        -1.6541        -1.6541    4.44591e-24    9.19786e-23
             59       -1.75251       -1.75251    1.82996e-24    1.43075e-23
             60        -1.8334        -1.8334    7.53221e-25   -1.40376e-23
             61       -1.89597       -1.89597     3.1003e-25   -6.02049e-24
             62        -1.9396        -1.9396     1.2761e-25    1.23715e-24
             63       -1.96385       -1.96385    5.25249e-26    1.43166e-24
             64       -1.96848       -1.96848    2.16195e-26    1.03552e-25
             65       -1.95344       -1.95344    8.89871e-27   -2.46606e-25
             66       -1.91888       -1.91888    3.66276e-27   -7.77851e-26
             67       -1.86515       -1.86515    1.50761e-27     2.8335e-26
             68       -1.79278       -1.79278     6.2054e-28     2.1411e-26
             69        -1.7025        -1.7025    2.55418e-28   -3.12863e-28
             70       -1.59521       -1.59521    1.05131e-28   -4.12728e-27
             71       -1.47198       -1.47198    4.32726e-29   -9.14505e-28
             72       -1.33404       -1.33404    1.78112e-29    5.65607e-28
             73       -1.18278       -1.18278    7.33119e-30    3.06573e-28
             74       -1.01969       -1.01969    3.01756e-30   -3.47501e-29
             75      -0.846419      -0.846419    1.24204e-30   -6.62379e-29
             76      -0.664688      -0.664688    5.11231e-31   -9.04852e-30
             77      -0.476317      -0.476317    2.10425e-31    1.04051e-29
             78      -0.283186      -0.283186    8.66122e-32    4.16789e-30
             79     -0.0872259     -0.0872259      3.565e-32   -9.86553e-31
             80       0.109606       0.109606    1.46737e-32   -1.02181e-30
             81       0.305343       0.305343    6.03979e-33   -5.43004e-32
             82       0.498028       0.498028    2.48601e-33    1.80634e-31
             83       0.685738       0.685738    1.02325e-33    5.28964e-32
             84       0.866596       0.866596    4.21177e-34   -2.17174e-32
             85         1.0388         1.0388    1.73359e-34   -1.51379e-32
             86        1.20062        1.20062    7.13553e-35    5.40032e-34
             87        1.35044        1.35044    2.93702e-35    2.99326e-33
             88        1.48677        1.48677    1.20889e-35    6.03954e-34
             89        1.60824        1.60824    4.97587e-36   -4.24186e-34
             90        1.71365        1.71365    2.04809e-36   -2.14415e-34
             91        1.80194        1.80194    8.43007e-37    2.97192e-35
             92        1.87221        1.87221    3.46986e-37     4.7604e-35
             93        1.92379        1.92379    1.42821e-37    5.60472e-36
             94        1.95614        1.95614     5.8786e-38   -7.68993e-36
             95        1.96895        1.96895    2.41966e-38   -2.87533e-36
             96        1.96208        1.96208    9.95945e-39    7.77466e-37
             97        1.93561        1.93561    4.09936e-39    7.27773e-37
             98         1.8898         1.8898    1.68732e-39    2.45137e-38
             99         1.8251         1.8251     6.9451e-40   -1.31996e-37
            100        1.74217        1.74217    2.85864e-40   -3.57823e-38
            101        1.64184        1.64184    1.17663e-40    1.65471e-38
            102         1.5251         1.5251    4.84307e-41    1.06781e-38
            103        1.39312        1.39312    1.99343e-41   -6.13394e-40
            104        1.24722        1.24722    8.20508e-42   -2.16626e-39
            105        1.08886        1.08886    3.37725e-42   -3.94952e-40
            106       0.919616       0.919616     1.3901e-42    3.16929e-40
            107       0.741187       0.741187    5.72171e-43    1.49543e-40
            108       0.555353       0.555353    2.35508e-43   -2.47187e-41
            109        0.36397        0.36397    9.69365e-44   -3.41428e-41
            110        0.16895        0.16895    3.98996e-44   -3.37554e-42
            111     -0.0277586     -0.0277586    1.64229e-44    5.66743e-42
            112      -0.224189      -0.224189    6.75974e-45    1.97615e-42
            113       -0.41838       -0.41838    2.78235e-45   -6.06715e-43
            114      -0.608391      -0.608391    1.14523e-45   -5.17258e-43
            115      -0.792322      -0.792322    4.71382e-46    -7.1737e-45
            116      -0.968337      -0.968337    1.94023e-46    9.62331e-44
            117       -1.13468       -1.13468     7.9861e-47    2.40621e-44
            118       -1.28968       -1.28968    3.28712e-47   -1.25417e-44
            119        -1.4318        -1.4318      1.353e-47   -7.51426e-45
            120       -1.55961       -1.55961      5.569e-48    6.01529e-46
            121       -1.67183       -1.67183    2.29223e-48    1.56449e-45
            122       -1.76736       -1.76736    9.43494e-49    2.55226e-46
            123       -1.84522       -1.84522    3.88347e-49    -2.3597e-46
            124       -1.90465       -1.90465    1.59846e-49    -1.0399e-46
            125       -1.94504       -1.94504    6.57934e-50     2.0139e-47
            126       -1.96601       -1.96601    2.70809e-50    2.44384e-47
            127       -1.96732       -1.96732    1.11466e-50    1.95303e-48
            128       -1.94899       -1.94899    4.58802e-51   -4.16583e-48
            129       -1.91117       -1.91117    1.88845e-51   -1.35257e-48
            130       -1.85427       -1.85427    7.77296e-52    4.69554e-49
            131       -1.77883       -1.77883    3.19939e-52    3.66845e-49
            132       -1.68562       -1.68562    1.31689e-52   -2.34583e-51
            133       -1.57557       -1.57557    5.42038e-53   -7.00034e-50
            134       -1.44978       -1.44978    2.23106e-53   -1.60716e-50
            135        -1.3095        -1.3095    9.18314e-54     9.4611e-51
            136       -1.15614       -1.15614    3.77983e-54    5.27474e-51
            137      -0.991223      -0.991223     1.5558e-54   -5.46691e-52
            138      -0.816404      -0.816404    6.40374e-55   -1.12758e-51
            139      -0.633428      -0.633428    2.63582e-55   -1.62528e-52
            140      -0.444123      -0.444123    1.08492e-55    1.75125e-52
            141      -0.250381      -0.250381    4.46557e-56    7.20858e-53
            142     -0.0541367     -0.0541367    1.83805e-56    -1.6147e-53
            143       0.142648       0.142648    7.56552e-57   -1.74566e-53
            144       0.338008       0.338008    3.11401e-57   -1.06157e-54
            145       0.529991       0.529991    1.28174e-57    3.05437e-54
            146       0.716678       0.716678    5.27572e-58     9.2158e-55
            147       0.896204       0.896204    2.17151e-58   -3.60818e-55
            148        1.06678        1.06678    8.93806e-59   -2.59597e-55
            149        1.22669        1.22669    3.67895e-59    7.06298e-57
            150        1.37434        1.37434    1.51428e-59    5.08124e-56
            151        1.50827        1.50827    6.23284e-60    1.06509e-56
            152        1.62712        1.62712    2.56547e-60   -7.10682e-57
            153        1.72972        1.72972    1.05596e-60   -3.69308e-57
            154        1.81503        1.81503    4.34639e-61    4.74144e-58
            155        1.88221        1.88221      1.789e-61    8.11025e-58
            156        1.93058        1.93058    7.36361e-62    1.01579e-58
            157        1.95967        1.95967     3.0309e-62   -1.29575e-58
            158        1.96917        1.96917    1.24753e-62   -4.98009e-59
            159        1.95899        1.95899    5.13492e-63    1.27814e-59
            160        1.92925        1.92925    2.11356e-63    1.24436e-59
            161        1.88022        1.88022    8.69952e-64    5.16048e-61
            162        1.81241        1.81241    3.58077e-64   -2.23404e-60
            163        1.72649        1.72649    1.47386e-64   -6.24766e-61
            164        1.62332        1.62332    6.06649e-65    2.75542e-61
            165        1.50394        1.50394      2.497e-65    1.83286e-61
            166        1.36952        1.36952    1.02778e-65   -8.92253e-63
            167        1.22142        1.22142    4.23039e-66   -3.68043e-62
            168        1.06112        1.06112    1.74125e-66   -6.99393e-63
            169       0.890209       0.890209    7.16708e-67    5.31761e-63
            170       0.710408       0.710408    2.95001e-67    2.57863e-63
            171       0.523509       0.523509    1.21424e-67   -3.98344e-64
            172       0.331379       0.331379    4.99787e-68   -5.82159e-64
            173       0.135938       0.135938    2.05715e-68   -6.19337e-65
            174     -0.0608608     -0.0608608    8.46734e-69    9.56006e-65
            175      -0.257052      -0.257052     3.4852e-69    3.42798e-65
            176      -0.450674      -0.450674    1.43453e-69   -1.00113e-65
            177      -0.639794      -0.639794    5.90459e-70   -8.85167e-66
            178      -0.822521      -0.822521    2.43036e-70   -1.93046e-67
            179       -0.99703       -0.99703    1.00035e-70    1.63023e-66
            180       -1.16158       -1.16158    4.11749e-71    4.21161e-67
            181       -1.31452       -1.31452    1.69478e-71   -2.09266e-67
            182       -1.45432       -1.45432    6.97581e-72   -1.29104e-67
            183        -1.5796        -1.5796    2.87128e-72    9.15841e-69
            184       -1.68909       -1.68909    1.18183e-72    2.66023e-68
            185       -1.78171       -1.78171    4.86449e-73    4.54236e-69
            186       -1.85652       -1.85652    2.00225e-73    -3.9646e-69
            187       -1.91278       -1.91278    8.24136e-74    -1.7953e-69
            188       -1.94994       -1.94994    3.39219e-74    3.27006e-70
            189        -1.9676        -1.9676    1.39624e-74     4.1703e-70
            190       -1.96561       -1.96561    5.74701e-75    3.64808e-71
            191       -1.94398       -1.94398     2.3655e-75   -7.03439e-71
            192       -1.90293       -1.90293    9.73651e-76   -2.35024e-71
            193       -1.84286       -1.84286     4.0076e-76    7.77243e-72
            194       -1.76438       -1.76438    1.64955e-76    6.28313e-72
            195       -1.66827       -1.66827    6.78963e-77    1.09073e-74
            196       -1.55549       -1.55549    2.79465e-77   -1.18693e-72
            197       -1.42717       -1.42717    1.15029e-77   -2.82093e-73
