              0       -4.36006       -10.0148        0.41863      0.0218849
              1        -4.3187       -9.60033       0.364304       0.163233
              2       -4.22798       -8.90996       0.303896       0.294895
              3       -4.08565       -7.97102       0.239991       0.413662
              4       -3.88964       -6.81766       0.175123       0.516807
              5       -3.63822       -5.48963       0.111685       0.602139
              6       -3.33033       -4.03095      0.0518535       0.668049
              7       -2.96575       -2.48844    -0.00247347       0.713534
              8       -2.54539      -0.910308     -0.0497348       0.738197
              9       -2.07141       0.655411     -0.0887395        0.74224
             10       -1.54746        2.16224      -0.118694       0.726431
             11       -0.97873        3.56667      -0.139214       0.692062
             12      -0.372016        4.82934      -0.150311       0.640886
             13       0.264277        5.91616      -0.152376       0.575053
             14       0.920223        6.79919      -0.146151        0.49703
             15         1.5845        7.45732      -0.132676       0.409517
             16        2.24462        7.87673      -0.113245       0.315355
             17        2.88713        8.05113     -0.0893328       0.217446
             18        3.49801        7.98174     -0.0625443        0.11866
             19        4.06295        7.67706     -0.0345326      0.0217573
             20        4.56778        7.15243    -0.00694159     -0.0706892
             21        4.99887        6.42939      0.0186677      -0.156359
             22        5.34355        5.53487      0.0408727       -0.23324
             23        5.59053        4.50022      0.0584435      -0.299671
             24        5.73027        3.36015      0.0703924      -0.354377
             25        5.75535        2.15162      0.0760024      -0.396487
             26        5.66079       0.912659      0.0748581      -0.425535
             27        5.44429      -0.318851      0.0668528      -0.441464
             28        5.10644       -1.50626      0.0521953      -0.444595
             29        4.65079       -2.61526      0.0313927      -0.435606
             30        4.08393       -3.61483     0.00523057      -0.415491
             31        3.41539        -4.4781     -0.0252554      -0.385515
             32        2.65754       -5.18306     -0.0588272      -0.347156
             33         1.8253       -5.71305     -0.0940895      -0.302057
             34       0.935912       -6.05716      -0.129542       -0.25196
             35      0.0085028       -6.21039      -0.163638      -0.198649
             36      -0.936335       -6.17363      -0.194849      -0.143894
             37       -1.87704       -5.95347       -0.22171      -0.089396
             38       -2.79163       -5.56185       -0.24289     -0.0367354
             39       -3.65823       -5.01553       -0.25723      0.0126662
             40       -4.45567       -4.33549      -0.263799      0.0575871
             41       -5.16404       -3.54613      -0.261923       0.097027
             42        -5.7652       -2.67446      -0.251217       0.130232
             43       -6.24334        -1.7492      -0.231602       0.156699
             44       -6.58535      -0.799851      -0.203311       0.176181
             45       -6.78128       0.144198      -0.166889       0.188678
             46       -6.82457        1.05459      -0.123177       0.194419
             47       -6.71235         1.9048     -0.0732873       0.193846
             48       -6.44547        2.67094     -0.0185731       0.187581
             49       -6.02862        3.33234      0.0394162       0.176393
             50       -5.47018        3.87216       0.098982       0.161166
             51        -4.7821        4.27772       0.158328       0.142857
             52       -3.97961        4.54084       0.215622       0.122456
             53       -3.08086        4.65789       0.269048       0.100954
             54        -2.1065        4.62983       0.316874      0.0793015
             55       -1.07918        4.46201       0.357497      0.0583734
             56     -0.0229839        4.16389       0.389505      0.0389477
             57        1.03718        3.74862       0.411718      0.0216774
             58        2.07617        3.23255       0.423231     0.00706898
             59        3.06926        2.63463       0.423441    -0.00452047
             60        3.99278        1.97575       0.412078     -0.0129011
             61        4.82465        1.27803       0.389205     -0.0180345
             62        5.54502       0.564111       0.355228     -0.0200446
             63        6.13669      -0.143534       0.310889     -0.0191893
             64        6.58559      -0.823319       0.257234     -0.0158538
             65        6.88114       -1.45517       0.195603     -0.0105264
             66        7.01645       -2.02109        0.12758    -0.00377025
             67        6.98856       -2.50568      0.0549504     0.00379742
             68        6.79845        -2.8965     -0.0203467      0.0115373
             69        6.45106       -3.18443      -0.096275      0.0188165
             70        5.95511       -3.36377      -0.170763      0.0250351
             71        5.32288       -3.43238      -0.241758      0.0296499
             72        4.56992       -3.39164       -0.30729      0.0322027
             73        3.71461       -3.24626      -0.365528      0.0323303
             74        2.77772       -3.00409      -0.414827       0.029792
             75        1.78189       -2.67574      -0.453786      0.0244681
             76       0.751024       -2.27421       -0.48128      0.0163742
             77      -0.290281       -1.81439      -0.496494     0.00565609
             78       -1.31735       -1.31253      -0.498947    -0.00741478
             79       -2.30603      -0.785739      -0.488509     -0.0224454
             80       -3.23329      -0.251377      -0.465399     -0.0389431
             81       -4.07778       0.273464      -0.430184     -0.0563278
             82       -4.82033       0.772499      -0.383759     -0.0739568
             83       -5.44439        1.23073      -0.327325      -0.091146
             84       -5.93642         1.6349      -0.262351      -0.107196
             85       -6.28618        1.97382      -0.190539      -0.121423
             86       -6.48697        2.23871      -0.113772      -0.133171
             87       -6.53571        2.42337     -0.0340617      -0.141857
             88       -6.43298        2.52431      0.0465038      -0.146978
             89       -6.18299         2.5408       0.125823      -0.148133
             90       -5.79341        2.47482       0.201829      -0.145047
             91       -5.27512        2.33089       0.272557       -0.13758
             92       -4.64193        2.11588       0.336191      -0.125728
             93       -3.91019        1.83874       0.391107      -0.109641
             94       -3.09835        1.51014       0.435924      -0.089608
             95       -2.22649        1.14211        0.46954     -0.0660569
             96       -1.31583       0.747578       0.491148     -0.0395435
             97      -0.388143       0.339997       0.500269     -0.0107355
             98       0.534717      -0.067135       0.496753      0.0196077
             99        1.43138      -0.460694       0.480782      0.0506558
            100        2.28144      -0.828333       0.452865      0.0815332
            101        3.06596       -1.15886       0.413817       0.111345
            102        3.76786       -1.44254       0.364734       0.139207
            103        4.37232       -1.67143       0.306965       0.164267
            104        4.86707       -1.83949       0.242069        0.18574
            105        5.24266       -1.94281       0.171771       0.202924
            106         5.4926       -1.97965      0.0979181       0.215233
            107        5.61346       -1.95044      0.0224273       0.222205
            108        5.60491       -1.85772     -0.0527706       0.223525
            109        5.46963       -1.70599      -0.125773       0.219037
            110         5.2132       -1.50155      -0.194764       0.208742
            111        4.84391       -1.25226      -0.258055       0.192812
            112        4.37249      -0.967199      -0.314128       0.171576
            113        3.81179      -0.656418      -0.361674       0.145519
            114        3.17647      -0.330554      -0.399625       0.115268
            115        2.48256   -0.000493347      -0.427175      0.0815721
            116        1.74708       0.322979      -0.443796      0.0452862
            117       0.987641       0.629524      -0.449249     0.00734592
            118       0.221955       0.909563      -0.443584     -0.0312586
            119      -0.532526        1.15457      -0.427135     -0.0695111
            120       -1.25903        1.35731      -0.400503      -0.106394
            121       -1.94184        1.51204      -0.364534      -0.140924
            122       -2.56663         1.6147        -0.3203      -0.172169
            123       -3.12074        1.66293      -0.269057      -0.199287
            124       -3.59346        1.65618      -0.212214      -0.221539
            125       -3.97619        1.59565      -0.151292      -0.238314
            126       -4.26259        1.48424     -0.0878847      -0.249147
            127       -4.44867         1.3264     -0.0236109      -0.253733
            128       -4.53282        1.12797      0.0399225      -0.251927
            129       -4.51573       0.895999       0.101164      -0.243761
            130       -4.40036       0.638435       0.158658      -0.229432
            131       -4.19179       0.363915       0.211072      -0.209302
            132       -3.89704      0.0814521       0.257239      -0.183886
            133       -3.52482      -0.199849       0.296172       -0.15384
            134       -3.08534      -0.471076       0.327093      -0.119938
            135          -2.59       -0.72379       0.349442     -0.0830571
            136       -2.05107      -0.950278       0.362886     -0.0441472
            137       -1.48144       -1.14378       0.367325    -0.00421001
            138      -0.894301       -1.29869       0.362886      0.0357302
            139      -0.302806       -1.41068       0.349908       0.074653
            140        0.28018       -1.47688       0.328937       0.111572
            141       0.842376       -1.49586       0.300699       0.145556
            142        1.37233       -1.46769       0.266079       0.175757
            143        1.85963       -1.39393       0.226095       0.201431
            144        2.29511        -1.2775       0.181863       0.221957
            145        2.67102       -1.12262       0.134571        0.23685
            146         2.9811      -0.934627      0.0854488       0.245778
            147         3.2207      -0.719799      0.0357262       0.248563
            148        3.38683      -0.485142     -0.0133884       0.245187
            149        3.47811      -0.238164     -0.0607403       0.235792
            150         3.4948      0.0133643      -0.105257       0.220673
            151        3.43872       0.261656      -0.145972       0.200267
            152        3.31313       0.499144      -0.182042       0.175144
            153        3.12264       0.718712      -0.212768       0.145985
            154        2.87304       0.913902      -0.237604       0.113566
            155        2.57116         1.0791      -0.256165      0.0787391
            156        2.22467         1.2097      -0.268233      0.0424029
            157         1.8419         1.3022      -0.273753     0.00548362
            158        1.43164        1.35435       -0.27283     -0.0310917
            159        1.00295        1.36512      -0.265718     -0.0664172
            160       0.564968        1.33477      -0.252811     -0.0996345
            161       0.126725        1.26479      -0.234622       -0.12995
            162      -0.303041        1.15785      -0.211774      -0.156657
            163       -0.71604        1.01769       -0.18497      -0.179153
            164       -1.10457       0.848978      -0.154979      -0.196951
            165       -1.46167       0.657176      -0.122615      -0.209689
            166       -1.78119       0.448344     -0.0887103      -0.217142
            167       -2.05792       0.228956     -0.0540979       -0.21922
            168       -2.28761     0.00569081      -0.019591      -0.215969
            169       -2.46707      -0.214765      0.0140372      -0.207568
            170       -2.59414      -0.425922      0.0460672      -0.194323
            171       -2.66774      -0.621677      0.0758509      -0.176652
            172       -2.68783      -0.796489       0.102822      -0.155076
            173       -2.65535      -0.945534       0.126507      -0.130202
            174       -2.57221       -1.06483       0.146526      -0.102706
            175       -2.44123       -1.15136       0.162607     -0.0733143
            176       -2.26601       -1.20311       0.174575     -0.0427831
            177       -2.05088       -1.21914       0.182359     -0.0118791
            178       -1.80079       -1.19957       0.185986      0.0186389
            179        -1.5212       -1.14559       0.185573       0.048041
            180       -1.21798       -1.05936       0.181318      0.0756417
            181      -0.897274      -0.943938       0.173496       0.100818
            182      -0.565419      -0.803209       0.162443       0.123022
            183      -0.228797      -0.641709       0.148546       0.141792
            184       0.106255        -0.4645       0.132233       0.156766
            185        0.43356      -0.277004       0.113957        0.16768
            186       0.747204     -0.0848409      0.0941885       0.174381
            187        1.04162       0.106347         0.0734        0.17682
            188        1.31171       0.291055      0.0520573       0.175054
            189        1.55285        0.46408      0.0306102       0.169242
            190        1.76105       0.620664      0.0094836       0.159636
            191        1.93295       0.756624     -0.0109312       0.146571
            192        2.06588       0.868464     -0.0302805       0.130456
            193        2.15792        0.95346     -0.0482545       0.111763
            194        2.20786        1.00972     -0.0645869      0.0910096
            195        2.21531        1.03624      -0.079062      0.0687468
            196         2.1806        1.03288     -0.0915115       0.045544
            197        2.10484        1.00038      -0.101814      0.0219748
