         1.47888e-05          1.5547e-05         1.63441e-05
          1.7182e-05          1.8063e-05         1.89891e-05
         1.99627e-05         2.09862e-05         2.20622e-05
         2.31933e-05         2.43825e-05         2.56326e-05
         2.69468e-05         2.83284e-05         2.97807e-05
         3.13076e-05         3.29128e-05         3.46002e-05
         3.63742e-05         3.82392e-05         4.01998e-05
         4.22608e-05         4.44275e-05         4.67053e-05
         4.90999e-05         5.16173e-05         5.42637e-05
         5.70458e-05         5.99704e-05         6.30452e-05
         6.62775e-05         6.96754e-05         7.32477e-05
          7.7003e-05          8.0951e-05         8.51011e-05
          8.9464e-05         9.40506e-05         9.88721e-05
         0.000103941          0.00010927         0.000114872
         0.000120761         0.000126951          0.00013346
         0.000140301         0.000147494         0.000155054
         0.000163002         0.000171358         0.000180142
         0.000189375         0.000199082         0.000209285
         0.000220012         0.000231288         0.000243141
           0.0002556         0.000268699         0.000282468
         0.000296941         0.000312153         0.000328146
         0.000344955         0.000362625         0.000381196
         0.000400717         0.000421235           0.0004428
         0.000465467          0.00048929         0.000514327
          0.00054064         0.000568293         0.000597352
          0.00062789         0.000659978         0.000693694
          0.00072912          0.00076634         0.000805442
         0.000846518         0.000889664         0.000934982
         0.000982573          0.00103255          0.00108503
          0.00114012          0.00119795          0.00125864
          0.00132233          0.00138915          0.00145924
          0.00153274           0.0016098          0.00169057
          0.00177519          0.00186384          0.00195664
          0.00205376          0.00215537           0.0022616
          0.00237261          0.00248852          0.00260949
          0.00273563          0.00286705          0.00300384
          0.00314608          0.00329382          0.00344707
          0.00360582          0.00377003          0.00393955
          0.00411429            0.004294          0.00447844
          0.00466723          0.00485995          0.00505608
          0.00525502          0.00545604          0.00565836
          0.00586102          0.00606304          0.00626324
          0.00646042          0.00665323          0.00684029
          0.00702009          0.00719114          0.00735189
           0.0075008          0.00763639          0.00775721
          0.00786194           0.0079494          0.00801853
          0.00806854          0.00809877          0.00810891
          0.00809878          0.00806853          0.00801853
          0.00794938          0.00786195          0.00775721
          0.00763638          0.00750079          0.00735188
          0.00719112          0.00702007          0.00684027
          0.00665322           0.0064604          0.00626322
          0.00606301            0.005861          0.00565833
          0.00545603          0.00525499          0.00505605
          0.00485992           0.0046672           0.0044784
          0.00429397          0.00411425          0.00393949
          0.00376997          0.00360577          0.00344702
          0.00329377          0.00314603          0.00300379
          0.00286699          0.00273556          0.00260943
          0.00248847          0.00237254          0.00226154
           0.0021553          0.00205369          0.00195657
          0.00186376          0.00177513           0.0016905
          0.00160973          0.00153268          0.00145918
           0.0013891          0.00132228          0.00125859
          0.00119789          0.00114007          0.00108499
          0.00103252          0.00098255         0.000934963
         0.000889652         0.000846512         0.000805442
         0.000766344         0.000729128          0.00069372
             0.00066          0.00062792         0.000597386
         0.000568332         0.000540683         0.000514372
         0.000489348          0.00046553         0.000442862
         0.000421296         0.000400769         0.000381274
         0.000362692         0.000345028         0.000328218
         0.000312217         0.000297003         0.000282527
         0.000268769         0.000255669         0.000243203
         0.000231344         0.000220067         0.000209341
         0.000199129         0.000189421         0.000180194
         0.000171406         0.000163046         0.000155103
         0.000147531          0.00014034         0.000133502
         0.000126985         0.000120803         0.000114908
         0.000109311         0.000103972         9.89044e-05
         9.40843e-05         8.94913e-05         8.51273e-05
         8.09791e-05         7.70275e-05         7.32717e-05
         6.96976e-05         6.62962e-05         6.30629e-05
         5.99845e-05         5.70665e-05         5.42823e-05
         5.16348e-05         4.91188e-05         4.67232e-05
         4.44398e-05         4.22689e-05         4.02168e-05
         3.82545e-05         3.63854e-05         3.46102e-05
         3.29241e-05         3.13176e-05         2.97905e-05
         2.83376e-05         2.69564e-05         2.56421e-05
         2.43934e-05         2.31996e-05         2.20689e-05
          2.0992e-05         1.99691e-05         1.89945e-05
         1.80691e-05         1.71884e-05          1.6349e-05
          1.5552e-05         1.47941e-05         1.40723e-05
         1.33856e-05          1.2733e-05         1.21117e-05
         1.15215e-05         1.09595e-05         1.04246e-05
         9.91609e-06         9.43322e-06         8.97282e-06
         8.53494e-06         8.11909e-06         7.72338e-06
         7.34608e-06          6.9886e-06         6.64701e-06
          6.3227e-06         6.01467e-06         5.72148e-06
         5.44229e-06         5.17661e-06         4.92429e-06
          4.6845e-06         4.45545e-06         4.23846e-06
         4.03194e-06          3.8349e-06         3.64789e-06
         3.47034e-06         3.30115e-06         3.13961e-06
         2.98665e-06         2.84124e-06         2.70253e-06
          2.5707e-06         2.44535e-06         2.32596e-06
         2.21269e-06         2.10475e-06         2.00205e-06
         1.90446e-06         1.81152e-06         1.72314e-06
         1.63928e-06         1.55925e-06          1.4832e-06
         1.41091e-06         1.34208e-06         1.27663e-06
         1.21431e-06         1.15512e-06         1.09882e-06
         1.04519e-06         9.94177e-07         9.45759e-07
         8.99567e-07         8.55667e-07         8.14019e-07
         7.74279e-07         7.36555e-07         7.00627e-07
         6.66475e-07         6.33904e-07         6.02965e-07
         5.73606e-07         5.45633e-07         5.19001e-07
         4.93777e-07         4.69657e-07          4.4676e-07
         4.24945e-07         4.04195e-07         3.84509e-07
         3.65739e-07           3.479e-07         3.30924e-07
         3.14816e-07         2.99464e-07         2.84846e-07
         2.70963e-07         2.57743e-07         2.45158e-07
         2.33201e-07         2.21841e-07         2.11016e-07
         2.00727e-07         1.90942e-07         1.81628e-07
         1.72777e-07         1.64339e-07         1.56326e-07
         1.48706e-07         1.41447e-07         1.34553e-07
         1.27983e-07         1.21737e-07         1.15805e-07
         1.10166e-07         1.04791e-07         9.96735e-08
         9.48125e-08         9.01943e-08         8.57981e-08
         8.16091e-08         7.76309e-08         7.38406e-08
         7.02393e-08         6.68204e-08         6.35562e-08
         6.04546e-08         5.75119e-08         5.47009e-08
         5.20343e-08         4.95004e-08         4.70866e-08
         4.47882e-08         4.26061e-08         4.05257e-08
         3.85487e-08         4.35543e-05         4.57874e-05
          4.8135e-05         5.06028e-05         5.31974e-05
         5.59248e-05         5.87921e-05         6.18064e-05
         6.49754e-05         6.83067e-05         7.18088e-05
         7.54905e-05          7.9361e-05         8.34299e-05
         8.77073e-05         9.22041e-05         9.69316e-05
         0.000101901         0.000107126         0.000112618
         0.000118392         0.000124462         0.000130843
         0.000137552         0.000144604         0.000152018
         0.000159812         0.000168006         0.000176619
         0.000185674         0.000195194         0.000205201
         0.000215722         0.000226781         0.000238408
         0.000250631          0.00026348         0.000276988
         0.000291189         0.000306117         0.000321811
         0.000338309         0.000355652         0.000373885
         0.000393052         0.000413201         0.000434383
          0.00045665         0.000480058         0.000504666
         0.000530535         0.000557729         0.000586316
         0.000616366         0.000647958         0.000681166
         0.000716075          0.00075277         0.000791345
         0.000831895         0.000874519         0.000919324
         0.000966421          0.00101593          0.00106796
          0.00112266          0.00118015          0.00124058
          0.00130409          0.00137085          0.00144101
          0.00151474          0.00159224          0.00167368
          0.00175926           0.0018492           0.0019437
            0.002043          0.00214733          0.00225695
          0.00237211          0.00249308          0.00262015
          0.00275361          0.00289378          0.00304097
          0.00319551          0.00335776          0.00352808
          0.00370682           0.0038944          0.00409119
          0.00429761          0.00451407          0.00474102
          0.00497889          0.00522812          0.00548917
           0.0057625          0.00604854          0.00634777
          0.00666063          0.00698756          0.00732894
          0.00768521          0.00805669          0.00844375
          0.00884661          0.00926553          0.00970062
            0.010152           0.0106195           0.0111031
           0.0116024            0.012117           0.0126463
           0.0131895           0.0137455            0.014313
           0.0148907           0.0154766           0.0160686
           0.0166644           0.0172613           0.0178563
           0.0184459           0.0190266           0.0195944
           0.0201453           0.0206749           0.0211786
           0.0216521           0.0220906           0.0224899
           0.0228458           0.0231542           0.0234118
           0.0236154           0.0237627           0.0238517
           0.0238816           0.0238517           0.0237626
           0.0236154           0.0234118           0.0231542
           0.0228458           0.0224899           0.0220906
            0.021652           0.0211786           0.0206748
           0.0201453           0.0195944           0.0190266
           0.0184459           0.0178562           0.0172613
           0.0166644           0.0160686           0.0154765
           0.0148906            0.014313           0.0137454
           0.0131894           0.0126463            0.012117
           0.0116023            0.011103           0.0106195
           0.0101519          0.00970058          0.00926548
          0.00884657          0.00844369          0.00805664
          0.00768515           0.0073289           0.0069875
          0.00666058          0.00634771          0.00604848
          0.00576243          0.00548911          0.00522806
          0.00497883          0.00474096          0.00451402
          0.00429755          0.00409114          0.00389435
          0.00370678          0.00352803          0.00335772
          0.00319548          0.00304094          0.00289376
           0.0027536          0.00262014          0.00249307
          0.00237211          0.00225695          0.00214734
          0.00204302          0.00194372          0.00184923
          0.00175929          0.00167371          0.00159228
          0.00151478          0.00144106           0.0013709
          0.00130415          0.00124063           0.0011802
          0.00112272          0.00106802          0.00101598
         0.000966484         0.000919384         0.000874572
         0.000831947         0.000791408         0.000752834
         0.000716132         0.000681216         0.000648005
         0.000616416         0.000586358         0.000557768
         0.000530584          0.00050471         0.000480096
         0.000456696         0.000434416         0.000413236
         0.000393089         0.000373913         0.000355692
          0.00033834         0.000321847         0.000306144
         0.000291218         0.000277019         0.000263505
         0.000250654         0.000238434         0.000226804
         0.000215742         0.000205222         0.000195209
          0.00018569         0.000176632         0.000168023
         0.000159828         0.000152035         0.000144621
         0.000137567         0.000130855         0.000124469
         0.000118408         0.000112632         0.000107136
          0.00010191         9.69422e-05         9.22125e-05
         8.77161e-05         8.34375e-05         7.93687e-05
          7.5499e-05         7.18185e-05         6.83124e-05
         6.49814e-05         6.18117e-05         5.87978e-05
         5.59294e-05         5.32028e-05         5.06086e-05
         4.81393e-05         4.57919e-05          4.3559e-05
         4.14345e-05         3.94132e-05         3.74915e-05
         3.56626e-05         3.39237e-05         3.22694e-05
         3.06949e-05         2.91978e-05         2.77747e-05
         2.64197e-05         2.51308e-05         2.39057e-05
         2.27401e-05         2.16305e-05         2.05762e-05
          1.9572e-05         1.86173e-05         1.77097e-05
         1.68462e-05         1.60244e-05         1.52426e-05
         1.44995e-05         1.37925e-05         1.31194e-05
         1.24799e-05         1.18713e-05         1.12919e-05
         1.07412e-05         1.02177e-05         9.71937e-06
         9.24493e-06         8.79426e-06         8.36552e-06
         7.95739e-06          7.5694e-06         7.20014e-06
         6.84895e-06           6.515e-06         6.19731e-06
         5.89497e-06         5.60751e-06         5.33398e-06
          5.0738e-06         4.82655e-06         4.59107e-06
         4.36713e-06         4.15421e-06         3.95159e-06
         3.75887e-06          3.5755e-06         3.40114e-06
         3.23529e-06         3.07748e-06         2.92734e-06
         2.78464e-06         2.64877e-06         2.51956e-06
         2.39675e-06         2.27982e-06         2.16868e-06
         2.06292e-06         1.96231e-06         1.86654e-06
         1.77549e-06         1.68895e-06         1.60658e-06
          1.5282e-06         1.45375e-06         1.38281e-06
         1.31538e-06         1.25121e-06         1.19017e-06
         1.13214e-06         1.07691e-06         1.02439e-06
         9.74419e-07         9.26927e-07         8.81716e-07
         8.38706e-07         7.97814e-07         7.58906e-07
         7.21873e-07         6.86674e-07         6.53184e-07
         6.21334e-07         5.91029e-07         5.62207e-07
         5.34787e-07         5.08711e-07          4.8389e-07
         4.60294e-07         4.37848e-07         4.16487e-07
         3.96179e-07          3.7685e-07         3.58466e-07
         3.40987e-07         3.24366e-07         3.08546e-07
          2.9349e-07         2.79179e-07         2.65567e-07
         2.52619e-07         2.40294e-07         2.28576e-07
         2.17424e-07          2.0682e-07         1.96741e-07
          1.8714e-07         1.78011e-07         1.69335e-07
          1.6107e-07         1.53217e-07         1.45748e-07
          1.3864e-07         1.31875e-07         1.25447e-07
         1.19325e-07         1.13506e-07