         1.73995e-05         1.82915e-05         1.92294e-05
         2.02152e-05         2.12517e-05         2.23413e-05
         2.34868e-05         2.46909e-05          2.5957e-05
         2.72878e-05         2.86868e-05         3.01576e-05
         3.17039e-05         3.33294e-05         3.50381e-05
         3.68346e-05         3.87231e-05         4.07083e-05
         4.27957e-05         4.49899e-05         4.72966e-05
         4.97216e-05         5.22708e-05         5.49507e-05
         5.77681e-05           6.073e-05         6.38436e-05
          6.7117e-05         7.05582e-05         7.41758e-05
         7.79787e-05         8.19768e-05           8.618e-05
         9.05985e-05         9.52437e-05         0.000100127
          0.00010526         0.000110657          0.00011633
         0.000122295         0.000128565         0.000135157
         0.000142087         0.000149371         0.000157031
         0.000165081         0.000173546         0.000182443
         0.000191797          0.00020163         0.000211969
         0.000222836         0.000234261         0.000246271
         0.000258899         0.000272173         0.000286127
         0.000300796         0.000316219         0.000332434
         0.000349477         0.000367392          0.00038623
         0.000406033          0.00042685         0.000448736
         0.000471742         0.000495928         0.000521355
         0.000548085         0.000576187         0.000605728
         0.000636783         0.000669431         0.000703752
         0.000739835         0.000777766         0.000817642
         0.000859562         0.000903631         0.000949958
         0.000998663          0.00104986          0.00110369
          0.00116027          0.00121976          0.00128229
          0.00134803          0.00141714          0.00148979
          0.00156617          0.00164646          0.00173088
          0.00181959          0.00191287          0.00201094
          0.00211402          0.00222239          0.00233632
          0.00245607          0.00258196          0.00271429
          0.00285341          0.00299966           0.0031534
            0.003315          0.00348489          0.00366346
          0.00385117          0.00404851          0.00425593
          0.00447395          0.00470314          0.00494404
          0.00519726           0.0054634          0.00574314
          0.00603718           0.0063462          0.00667102
          0.00701238          0.00737112          0.00774816
          0.00814435          0.00856071           0.0089982
          0.00945789          0.00994089           0.0104484
           0.0109815           0.0115415           0.0121297
           0.0127476           0.0133965           0.0140779
           0.0147933           0.0155444           0.0163328
           0.0171603           0.0180286           0.0189396
            0.019895            0.020897           0.0219475
           0.0230485            0.024202           0.0254101
           0.0266749           0.0279985            0.029383
           0.0308302           0.0323423           0.0339209
           0.0355679           0.0372846           0.0390726
           0.0409327           0.0428657           0.0448718
           0.0469509           0.0491022            0.051324
           0.0536143           0.0559696           0.0583857
           0.0608569           0.0633762            0.065935
           0.0685227           0.0711269           0.0737326
           0.0763225           0.0788767            0.081372
           0.0837824           0.0860784           0.0882273
           0.0901928           0.0919353           0.0934121
           0.0945775           0.0953833           0.0957798
           0.0957162            0.095142            0.094008
           0.0922681            0.089881           0.0868117
           0.0830337           0.0785308           0.0732989
           0.0673478           0.0607019           0.0534017
           0.0455032            0.037078           0.0282121
           0.0190038          0.00956133        -6.60376e-09
         -0.00956134          -0.0190038          -0.0282122
          -0.0370781          -0.0455032          -0.0534017
           -0.060702          -0.0673478          -0.0732989
          -0.0785308          -0.0830337          -0.0868117
          -0.0898811          -0.0922682           -0.094008
           -0.095142          -0.0957162          -0.0957798
          -0.0953833          -0.0945775          -0.0934121
          -0.0919354          -0.0901928          -0.0882273
          -0.0860784          -0.0837824           -0.081372
          -0.0788767          -0.0763226          -0.0737326
          -0.0711269          -0.0685228           -0.065935
          -0.0633762          -0.0608569          -0.0583857
          -0.0559696          -0.0536143          -0.0513241
          -0.0491022           -0.046951          -0.0448719
          -0.0428657          -0.0409327          -0.0390726
          -0.0372847          -0.0355679           -0.033921
          -0.0323423          -0.0308303           -0.029383
          -0.0279986           -0.026675          -0.0254102
          -0.0242021          -0.0230485          -0.0219476
          -0.0208971          -0.0198951          -0.0189396
          -0.0180287          -0.0171604          -0.0163329
          -0.0155445          -0.0147934          -0.0140779
          -0.0133965          -0.0127477          -0.0121298
          -0.0115415          -0.0109815          -0.0104484
         -0.00994095         -0.00945795         -0.00899825
         -0.00856075          -0.0081444          -0.0077482
         -0.00737117         -0.00701242         -0.00667106
         -0.00634626         -0.00603722         -0.00574319
         -0.00546344         -0.00519729         -0.00494407
         -0.00470317         -0.00447399         -0.00425595
         -0.00404853         -0.00385121         -0.00366348
         -0.00348491         -0.00331502         -0.00315341
         -0.00299968         -0.00285343         -0.00271431
         -0.00258197         -0.00245608         -0.00233632
          -0.0022224         -0.00211403         -0.00201095
         -0.00191289         -0.00181961         -0.00173088
         -0.00164647         -0.00156618          -0.0014898
         -0.00141715         -0.00134804          -0.0012823
         -0.00121977         -0.00116028          -0.0011037
         -0.00104987         -0.00099867        -0.000949966
        -0.000903637        -0.000859567        -0.000817647
        -0.000777771        -0.000739839        -0.000703758
        -0.000669436        -0.000636787        -0.000605731
         -0.00057619        -0.000548089        -0.000521359
        -0.000495932        -0.000471746        -0.000448738
        -0.000426853        -0.000406036        -0.000386233
        -0.000367396        -0.000349478        -0.000332434
        -0.000316221        -0.000300799        -0.000286129
        -0.000272174          -0.0002589        -0.000246273
        -0.000234263        -0.000222838         -0.00021197
        -0.000201632        -0.000191798        -0.000182444
        -0.000173546        -0.000165082        -0.000157031
        -0.000149373        -0.000142088        -0.000135158
        -0.000128566        -0.000122296        -0.000116332
        -0.000110658        -0.000105261        -0.000100127
        -9.52442e-05        -9.05991e-05        -8.61805e-05
        -8.19774e-05        -7.79794e-05        -7.41763e-05
        -7.05586e-05        -6.71175e-05        -6.38441e-05
        -6.07304e-05        -5.77685e-05        -5.49511e-05
        -5.22711e-05        -4.97218e-05        -4.72969e-05
        -4.49902e-05         -4.2796e-05        -4.07088e-05
        -3.87234e-05        -3.68349e-05        -3.50384e-05
        -3.33295e-05         -3.1704e-05        -3.01578e-05
         -2.8687e-05        -2.72879e-05        -2.59571e-05
        -2.46911e-05        -2.34869e-05        -2.23415e-05
        -2.12518e-05        -2.02154e-05        -1.92295e-05
        -1.82916e-05         1.66413e-05         1.74945e-05
         1.83915e-05         1.93344e-05         2.03257e-05
         2.13678e-05         2.24633e-05          2.3615e-05
         2.48259e-05         2.60987e-05         2.74369e-05
         2.88435e-05         3.03224e-05         3.18771e-05
         3.35113e-05         3.52296e-05         3.70358e-05
         3.89345e-05         4.09309e-05         4.30295e-05
         4.52357e-05          4.7555e-05         4.99931e-05
         5.25562e-05         5.52509e-05         5.80837e-05
         6.10616e-05         6.41924e-05         6.74836e-05
         7.09436e-05         7.45809e-05         7.84047e-05
         8.24248e-05         8.66507e-05         9.10935e-05
          9.5764e-05         0.000100674         0.000105835
         0.000111262         0.000116966         0.000122963
         0.000129268         0.000135896         0.000142862
         0.000150188         0.000157887         0.000165984
         0.000174493          0.00018344         0.000192844
         0.000202732         0.000213126         0.000224053
          0.00023554         0.000247618         0.000260313
         0.000273659          0.00028769          0.00030244
         0.000317948         0.000334249         0.000351383
         0.000369401          0.00038834          0.00040825
         0.000429183         0.000451186         0.000474319
         0.000498637         0.000524203          0.00055108
         0.000579334         0.000609036         0.000640262
         0.000673087         0.000707597         0.000743875
         0.000782014         0.000822107         0.000864256
         0.000908565         0.000955147          0.00100412
           0.0010556          0.00110971          0.00116661
          0.00122641          0.00128929          0.00135539
          0.00142487          0.00149793          0.00157471
          0.00165545          0.00174031          0.00182952
          0.00192331           0.0020219          0.00212555
          0.00223452          0.00234904          0.00246945
          0.00259602          0.00272908          0.00286895
          0.00301599          0.00317055          0.00333304
          0.00350382          0.00368336           0.0038721
          0.00407048          0.00427901          0.00449821
          0.00472861          0.00497079          0.00522533
          0.00549289          0.00577411          0.00606967
          0.00638033          0.00670682          0.00704994
          0.00741053          0.00778946          0.00818769
          0.00860611          0.00904577          0.00950773
          0.00999308            0.010503           0.0110386
           0.0116012           0.0121921           0.0128128
           0.0134644           0.0141487           0.0148671
           0.0156211           0.0164126            0.017243
           0.0181143           0.0190281           0.0199865
           0.0209912           0.0220442           0.0231474
           0.0243029           0.0255126           0.0267785
           0.0281026           0.0294868            0.030933
           0.0324428            0.034018             0.03566
             0.03737           0.0391491           0.0409978
           0.0429166           0.0449051           0.0469626
           0.0490876           0.0512781           0.0535307
           0.0558415           0.0582051           0.0606146
           0.0630619           0.0655369           0.0680276
           0.0705197           0.0729968           0.0754397
           0.0778263           0.0801316           0.0823276
           0.0843829           0.0862627           0.0879293
           0.0893418           0.0904563           0.0912271
           0.0916063           0.0915455           0.0909962
           0.0899117           0.0882476           0.0859645
            0.083029           0.0794155           0.0751088
            0.070105           0.0644131           0.0580569
           0.0510748           0.0435204           0.0354624
           0.0269828           0.0181757           0.0091447
        -6.46109e-09         -0.00914471          -0.0181757
          -0.0269828          -0.0354624          -0.0435204
          -0.0510748          -0.0580569          -0.0644132
           -0.070105          -0.0751088          -0.0794156
           -0.083029          -0.0859646          -0.0882477
          -0.0899117          -0.0909963          -0.0915455
          -0.0916063          -0.0912271          -0.0904564
          -0.0893418          -0.0879293          -0.0862627
          -0.0843829          -0.0823276          -0.0801317
          -0.0778263          -0.0754397          -0.0729969
          -0.0705198          -0.0680276          -0.0655369
           -0.063062          -0.0606147          -0.0582051
          -0.0558416          -0.0535308          -0.0512781
          -0.0490877          -0.0469626          -0.0449051
          -0.0429166          -0.0409979          -0.0391491
          -0.0373701            -0.03566          -0.0340181
          -0.0324429           -0.030933          -0.0294869
          -0.0281027          -0.0267786          -0.0255127
          -0.0243029          -0.0231475          -0.0220442
          -0.0209912          -0.0199865          -0.0190282
          -0.0181143          -0.0172431          -0.0164126
          -0.0156212          -0.0148671          -0.0141488
          -0.0134645          -0.0128128          -0.0121922
          -0.0116013          -0.0110386           -0.010503
         -0.00999313         -0.00950778         -0.00904582
         -0.00860616         -0.00818772         -0.00778951
         -0.00741057         -0.00704998         -0.00670686
         -0.00638037         -0.00606972         -0.00577415
         -0.00549293         -0.00522537         -0.00497082
         -0.00472864         -0.00449823         -0.00427903
          -0.0040705         -0.00387212         -0.00368339
         -0.00350385         -0.00333305         -0.00317057
         -0.00301601         -0.00286897          -0.0027291
         -0.00259604         -0.00246946         -0.00234906
         -0.00223452         -0.00212556         -0.00202192
         -0.00192332         -0.00182954         -0.00174032
         -0.00165545         -0.00157473         -0.00149793
         -0.00142489          -0.0013554          -0.0012893
         -0.00122642         -0.00116662         -0.00110972
          -0.0010556         -0.00100412        -0.000955153
        -0.000908572        -0.000864262        -0.000822112
        -0.000782019         -0.00074388        -0.000707601
        -0.000673092        -0.000640266         -0.00060904
        -0.000579337        -0.000551083        -0.000524207
        -0.000498641        -0.000474322         -0.00045119
        -0.000429185        -0.000408254        -0.000388343
        -0.000369403        -0.000351387         -0.00033425
        -0.000317949        -0.000302442        -0.000287692
        -0.000273661        -0.000260315        -0.000247619
        -0.000235542        -0.000224055        -0.000213128
        -0.000202733        -0.000192846        -0.000183441
        -0.000174494        -0.000165984        -0.000157889
        -0.000150189        -0.000142864        -0.000135896
        -0.000129269        -0.000122964        -0.000116967
        -0.000111262        -0.000105836        -0.000100674
        -9.57645e-05         -9.1094e-05        -8.66513e-05
        -8.24253e-05        -7.84053e-05        -7.45815e-05
        -7.09441e-05        -6.74841e-05        -6.41929e-05
        -6.10621e-05        -5.80841e-05        -5.52513e-05
        -5.25567e-05        -4.99935e-05        -4.75552e-05
         -4.5236e-05        -4.30298e-05        -4.09312e-05
        -3.89349e-05        -3.70361e-05        -3.52298e-05
        -3.35116e-05        -3.18772e-05        -3.03226e-05
        -2.88437e-05         -2.7437e-05        -2.60989e-05
         -2.4826e-05        -2.36152e-05        -2.24635e-05
         -2.1368e-05        -2.03258e-05        -1.93345e-05
        -1.83916e-05        -1.74946e-05