        -7.01153e-05        -7.37102e-05        -7.74893e-05
        -8.14624e-05         -8.5639e-05        -9.00298e-05
        -9.46457e-05        -9.94983e-05          -0.0001046
        -0.000109962          -0.0001156        -0.000121527
        -0.000127758        -0.000134308        -0.000141194
        -0.000148434        -0.000156044        -0.000164044
        -0.000172455        -0.000181297        -0.000190592
        -0.000200364        -0.000210636        -0.000221436
        -0.000232789        -0.000244724        -0.000257271
        -0.000270461        -0.000284327        -0.000298904
        -0.000314229        -0.000330339        -0.000347275
        -0.000365079        -0.000383796        -0.000403472
        -0.000424157        -0.000445902        -0.000468762
        -0.000492793        -0.000518057        -0.000544615
        -0.000572533        -0.000601884        -0.000632737
        -0.000665173        -0.000699269        -0.000735114
        -0.000772794        -0.000812407        -0.000854046
         -0.00089782        -0.000943835        -0.000992207
         -0.00104305         -0.00109651         -0.00115269
         -0.00121176         -0.00127384          -0.0013391
         -0.00140771         -0.00147982         -0.00155561
         -0.00163528         -0.00171902         -0.00180703
         -0.00189954         -0.00199677         -0.00209896
         -0.00220635         -0.00231922         -0.00243783
         -0.00256248         -0.00269346         -0.00283109
          -0.0029757         -0.00312764         -0.00328727
         -0.00345497         -0.00363113         -0.00381616
          -0.0040105         -0.00421458         -0.00442888
         -0.00465388         -0.00489009         -0.00513801
          -0.0053982          -0.0056712         -0.00595761
         -0.00625799         -0.00657296         -0.00690313
         -0.00724916         -0.00761165         -0.00799127
         -0.00838864         -0.00880444         -0.00923928
         -0.00969379          -0.0101686          -0.0106642
          -0.0111812            -0.01172          -0.0122811
          -0.0128647          -0.0134712          -0.0141005
          -0.0147526          -0.0154274          -0.0161244
           -0.016843          -0.0175821          -0.0183408
          -0.0191172          -0.0199096          -0.0207156
          -0.0215322          -0.0223561          -0.0231834
          -0.0240094          -0.0248292          -0.0256367
          -0.0264255          -0.0271882          -0.0279171
          -0.0286035          -0.0292382          -0.0298114
           -0.030313          -0.0307325          -0.0310592
          -0.0312822          -0.0313911          -0.0313756
           -0.031226          -0.0309333          -0.0304896
           -0.029888          -0.0291229          -0.0281899
          -0.0270863          -0.0258108          -0.0243634
          -0.0227455            -0.02096          -0.0190109
          -0.0169028          -0.0146418           -0.012234
         -0.00968636         -0.00700601         -0.00420021
         -0.00127627          0.00175863          0.00489741
          0.00813324           0.0114594           0.0148694
           0.0183568           0.0219152           0.0255381
           0.0292187           0.0329497           0.0367233
           0.0405309           0.0443625           0.0482072
           0.0520522           0.0558829           0.0596824
           0.0634317           0.0671086           0.0706882
           0.0741424           0.0774394           0.0805441
           0.0834175           0.0860172           0.0882973
           0.0902088           0.0917003           0.0927181
           0.0932078           0.0931153           0.0923878
           0.0909761           0.0888357           0.0859296
           0.0822296            0.077719           0.0723942
           0.0662665           0.0593636           0.0517301
           0.0434281           0.0345364           0.0251495
           0.0153752          0.00533233         -0.00485268
          -0.0150496          -0.0251281           -0.034962
          -0.0444326          -0.0534321          -0.0618662
          -0.0696565          -0.0767413          -0.0830761
          -0.0886338          -0.0934034          -0.0973891
           -0.100608           -0.103089            -0.10487
           -0.105995           -0.106515           -0.106484
           -0.105955           -0.104984           -0.103625
           -0.101931          -0.0999505          -0.0977308
          -0.0953147          -0.0927415          -0.0900469
          -0.0872628          -0.0844174          -0.0815359
          -0.0786398          -0.0757481          -0.0728767
          -0.0700392           -0.067247          -0.0645094
           -0.061834          -0.0592268          -0.0566924
          -0.0542343           -0.051855          -0.0495559
           -0.047338          -0.0452012          -0.0431454
          -0.0411695          -0.0392725          -0.0374529
          -0.0357089          -0.0340386            -0.03244
          -0.0309109          -0.0294491          -0.0280523
          -0.0267181          -0.0254444          -0.0242287
          -0.0230688          -0.0219624          -0.0209074
          -0.0199017           -0.018943          -0.0180295
          -0.0171591          -0.0163299            -0.01554
          -0.0147878          -0.0140715          -0.0133894
            -0.01274          -0.0121218          -0.0115333
          -0.0109731            -0.01044          -0.0099325
         -0.00944956         -0.00898997         -0.00855262
         -0.00813644         -0.00774043         -0.00736363
          -0.0070051         -0.00666397         -0.00633941
         -0.00603062         -0.00573683         -0.00545732
         -0.00519141         -0.00493843         -0.00469776
         -0.00446881           -0.004251         -0.00404379
         -0.00384667         -0.00365915         -0.00348076
         -0.00331107         -0.00314964         -0.00299608
            -0.00285         -0.00271104         -0.00257885
          -0.0024531         -0.00233348          -0.0022197
         -0.00211146         -0.00200849         -0.00191055
         -0.00181738         -0.00172876         -0.00164445
         -0.00156426         -0.00148797         -0.00141541
         -0.00134638         -0.00128072         -0.00121827
         -0.00115885         -0.00110234         -0.00104858
        -0.000997439        -0.000948795        -0.000902523
        -0.000858508        -0.000816639        -0.000776812
        -0.000738927        -0.000702889         -0.00066861
        -0.000636002        -0.000604984        -0.000575479
        -0.000547413        -0.000520715         -0.00049532
        -0.000471163        -0.000448184        -0.000426326
        -0.000405534        -0.000385756        -0.000366943
        -0.000349047        -0.000332024        -0.000315831
        -0.000300428        -0.000285776        -0.000271838
         -0.00025858        -0.000245969        -0.000233973
        -0.000222562        -0.000211708        -0.000201383
        -0.000191561        -0.000182219        -0.000173332
        -0.000164878        -0.000156837        -0.000149188
        -0.000141912        -0.000134991        -0.000128407
        -0.000122145        -0.000116188        -0.000110521
        -0.000105131        -0.000100004        -9.51265e-05
        -9.04871e-05         -8.6074e-05        -8.18762e-05
         -7.7883e-05        -7.40846e-05        -7.04715e-05
        -6.70345e-05        -6.37652e-05        -6.06554e-05
        -5.76972e-05        -5.48832e-05        -5.22065e-05
        -4.96604e-05        -4.72384e-05        -4.49346e-05
        -4.27431e-05        -4.06585e-05        -3.86756e-05
        -3.67893e-05        -3.49951e-05        -3.32884e-05
        -3.16649e-05        -3.01206e-05        -2.86516e-05
        -2.72542e-05         -2.5925e-05        -2.46606e-05
        -2.34579e-05        -2.23139e-05        -2.12256e-05
        -2.01904e-05        -8.31588e-05        -8.74225e-05
        -9.19047e-05        -9.66168e-05         -0.00010157
        -0.000106778        -0.000112253        -0.000118008
        -0.000124058        -0.000130419        -0.000137106
        -0.000144135        -0.000151525        -0.000159294
        -0.000167461        -0.000176047        -0.000185073
        -0.000194562        -0.000204537        -0.000215023
        -0.000226048        -0.000237637        -0.000249821
        -0.000262629        -0.000276094         -0.00029025
        -0.000305131        -0.000320775         -0.00033722
         -0.00035451        -0.000372685        -0.000391792
        -0.000411879        -0.000432995        -0.000455194
         -0.00047853        -0.000503064        -0.000528854
        -0.000555967        -0.000584469        -0.000614433
        -0.000645931        -0.000679043        -0.000713855
        -0.000750448        -0.000788919        -0.000829358
        -0.000871872        -0.000916562        -0.000963544
         -0.00101293         -0.00106485         -0.00111942
          -0.0011768          -0.0012371          -0.0013005
         -0.00136714          -0.0014372         -0.00151084
         -0.00158824         -0.00166961         -0.00175514
         -0.00184504         -0.00193953         -0.00203886
         -0.00214325         -0.00225298         -0.00236831
         -0.00248952         -0.00261691         -0.00275079
         -0.00289149         -0.00303934         -0.00319472
         -0.00335799         -0.00352954         -0.00370979
         -0.00389916         -0.00409812         -0.00430711
         -0.00452664         -0.00475722         -0.00499938
         -0.00525366         -0.00552067         -0.00580098
         -0.00609522         -0.00640403         -0.00672808
         -0.00706807         -0.00742467         -0.00779865
          -0.0081907         -0.00860165          -0.0090322
         -0.00948317         -0.00995532          -0.0104495
          -0.0109663          -0.0115067          -0.0120714
           -0.012661          -0.0132762          -0.0139176
          -0.0145858          -0.0152812          -0.0160041
          -0.0167548          -0.0175332          -0.0183391
          -0.0191723          -0.0200321          -0.0209175
          -0.0218272          -0.0227596          -0.0237126
          -0.0246836          -0.0256695          -0.0266665
          -0.0276704           -0.028676          -0.0296777
           -0.030669          -0.0316425          -0.0325903
          -0.0335034          -0.0343724          -0.0351869
          -0.0359361          -0.0366086          -0.0371927
          -0.0376764          -0.0380477          -0.0382948
          -0.0384064          -0.0383718           -0.038181
          -0.0378253          -0.0372971          -0.0365905
          -0.0357008          -0.0346252          -0.0333626
          -0.0319134          -0.0302797          -0.0284651
          -0.0264744          -0.0243135          -0.0219895
          -0.0195099           -0.016883          -0.0141172
          -0.0112211         -0.00820348         -0.00507273
         -0.00183716          0.00149523          0.00491669
          0.00841975           0.0119971           0.0156417
           0.0193463           0.0231035            0.026906
           0.0307454            0.034613           0.0384989
           0.0423922           0.0462802           0.0501489
           0.0539819           0.0577605           0.0614636
            0.065067           0.0685437           0.0718631
           0.0749913           0.0778909           0.0805211
           0.0828377           0.0847937           0.0863394
           0.0874234           0.0879932           0.0879968
           0.0873835           0.0861058           0.0841211
           0.0813937           0.0778966           0.0736138
           0.0685421           0.0626924           0.0560916
            0.048783           0.0408265           0.0322983
           0.0232897           0.0139049          0.00425868
         -0.00552689           -0.015326          -0.0250129
          -0.0344656          -0.0435694          -0.0522204
          -0.0603274          -0.0678146          -0.0746225
          -0.0807081          -0.0860451          -0.0906229
          -0.0944453          -0.0975292          -0.0999018
             -0.1016           -0.102666            -0.10315
           -0.103101           -0.102574           -0.101621
           -0.100295          -0.0986455          -0.0967209
          -0.0945658          -0.0922219          -0.0897269
          -0.0871153          -0.0844179           -0.081662
          -0.0788716          -0.0760677          -0.0732683
          -0.0704891           -0.067743           -0.065041
           -0.062392          -0.0598034          -0.0572809
           -0.054829          -0.0524511          -0.0501494
          -0.0479255          -0.0457801          -0.0437133
          -0.0417248          -0.0398137           -0.037979
          -0.0362191          -0.0345324           -0.032917
           -0.031371          -0.0298921          -0.0284784
          -0.0271275          -0.0258373          -0.0246055
          -0.0234298          -0.0223081          -0.0212382
           -0.020218          -0.0192454          -0.0183183
          -0.0174349          -0.0165931          -0.0157913
          -0.0150275             -0.0143          -0.0136073
          -0.0129478          -0.0123198           -0.011722
          -0.0111529          -0.0106112          -0.0100956
         -0.00960485         -0.00913784          -0.0086934
         -0.00827048         -0.00786803         -0.00748508
          -0.0071207           -0.006774         -0.00644413
         -0.00613027         -0.00583166         -0.00554757
         -0.00527728         -0.00502014         -0.00477551
         -0.00454278         -0.00432138         -0.00411075
         -0.00391038         -0.00371976         -0.00353843
         -0.00336593         -0.00320183         -0.00304573
         -0.00289723         -0.00275597          -0.0026216
         -0.00249377         -0.00237217          -0.0022565
         -0.00214647          -0.0020418         -0.00194223
         -0.00184752         -0.00175743         -0.00167172
          -0.0015902         -0.00151265         -0.00143888
         -0.00136871         -0.00130197         -0.00123847
         -0.00117807         -0.00112062         -0.00106597
         -0.00101398        -0.000964532        -0.000917493
        -0.000872748        -0.000830184        -0.000789697
        -0.000751184        -0.000714549          -0.0006797
        -0.000646551        -0.000615019        -0.000585025
        -0.000556493        -0.000529353        -0.000503536
        -0.000478979        -0.000455619        -0.000433398
        -0.000412261        -0.000392155         -0.00037303
        -0.000354837        -0.000337531         -0.00032107
        -0.000305411        -0.000290516        -0.000276347
         -0.00026287         -0.00025005        -0.000237855
        -0.000226254         -0.00021522        -0.000204723
        -0.000194739        -0.000185241        -0.000176207
        -0.000167613        -0.000159439        -0.000151663
        -0.000144266         -0.00013723        -0.000130537
        -0.000124171        -0.000118115        -0.000112355
        -0.000106875        -0.000101663        -9.67045e-05
        -9.19882e-05        -8.75018e-05        -8.32343e-05
        -7.91749e-05        -7.53135e-05        -7.16405e-05
        -6.81465e-05        -6.48229e-05        -6.16615e-05
        -5.86542e-05        -5.57936e-05        -5.30726e-05
        -5.04842e-05         -4.8022e-05          -4.568e-05
        -4.34521e-05         -4.1333e-05        -3.93171e-05
        -3.73996e-05        -3.55756e-05        -3.38406e-05
        -3.21901e-05        -3.06202e-05        -2.91268e-05
        -2.77063e-05         -2.6355e-05        -2.50697e-05
         -2.3847e-05         -2.2684e-05        -2.15777e-05
        -2.05253e-05        -1.95243e-05