         0.000154327          0.00016224         0.000170558
         0.000179303         0.000188496         0.000198161
         0.000208321         0.000219001         0.000230229
         0.000242034         0.000254443         0.000267488
         0.000281202          0.00029562         0.000310777
         0.000326711         0.000343461         0.000361071
         0.000379583         0.000399045         0.000419503
         0.000441012         0.000463623         0.000487393
         0.000512381          0.00053865         0.000566269
           0.0005953         0.000625822         0.000657908
         0.000691638         0.000727098         0.000764375
         0.000803564          0.00084476         0.000888071
         0.000933601         0.000981466          0.00103179
          0.00108468          0.00114029          0.00119875
           0.0012602          0.00132481          0.00139272
          0.00146412          0.00153917          0.00161808
          0.00170102          0.00178821          0.00187987
          0.00197624          0.00207753          0.00218402
          0.00229596          0.00241363          0.00253732
          0.00266736          0.00280404          0.00294772
          0.00309877          0.00325754          0.00342444
          0.00359986          0.00378425          0.00397809
          0.00418181          0.00439595          0.00462104
          0.00485759          0.00510623          0.00536754
          0.00564218          0.00593081          0.00623413
          0.00655287          0.00688783          0.00723978
          0.00760958          0.00799811          0.00840632
          0.00883514          0.00928561          0.00975877
           0.0102557           0.0107776           0.0113256
           0.0119009           0.0125049            0.013139
           0.0138043           0.0145024           0.0152348
           0.0160029           0.0168083           0.0176527
           0.0185374           0.0194644           0.0204353
           0.0214516            0.022515           0.0236271
           0.0247896           0.0260042           0.0272721
            0.028595           0.0299739             0.03141
           0.0329044           0.0344577           0.0360701
           0.0377422           0.0394732            0.041263
           0.0431098           0.0450121           0.0469676
            0.048973           0.0510244           0.0531175
           0.0552461           0.0574041           0.0595834
            0.061776           0.0639717           0.0661602
           0.0683295           0.0704676           0.0725605
            0.074595           0.0765561           0.0784297
           0.0802011           0.0818564           0.0833821
           0.0847658           0.0859967           0.0870655
           0.0879647           0.0886895           0.0892367
           0.0896061              0.0898            0.089823
           0.0896822           0.0893865           0.0889475
           0.0883777           0.0876912           0.0869031
           0.0860293           0.0850857           0.0840884
           0.0830536            0.081996           0.0809304
           0.0798705           0.0788285           0.0778159
           0.0768425           0.0759174           0.0750477
            0.074239           0.0734961           0.0728216
           0.0722173           0.0716829           0.0712173
           0.0708168           0.0704771           0.0701919
           0.0699533           0.0697514           0.0695746
           0.0694099           0.0692423           0.0690541
           0.0688268             0.06854           0.0681711
           0.0676964           0.0670906           0.0663278
           0.0653817           0.0642259           0.0628346
           0.0611841            0.059252           0.0570201
           0.0544737           0.0516036           0.0484063
           0.0448852           0.0410512           0.0369228
           0.0325263           0.0278959           0.0230725
           0.0181033           0.0130405          0.00793977
          0.00285854          -0.0021458         -0.00701753
          -0.0117041          -0.0161582          -0.0203384
          -0.0242102          -0.0277468          -0.0309288
          -0.0337452          -0.0361916          -0.0382704
          -0.0399904          -0.0413651          -0.0424123
          -0.0431521          -0.0436085          -0.0438054
          -0.0437682          -0.0435222          -0.0430926
          -0.0425031          -0.0417764          -0.0409339
          -0.0399953          -0.0389789          -0.0379008
          -0.0367758          -0.0356171          -0.0344361
           -0.033243          -0.0320464          -0.0308539
          -0.0296716          -0.0285053          -0.0273592
          -0.0262366          -0.0251409          -0.0240742
          -0.0230383          -0.0220341          -0.0210631
          -0.0201253          -0.0192212          -0.0183507
          -0.0175135          -0.0167092          -0.0159374
          -0.0151973          -0.0144882          -0.0138093
          -0.0131596          -0.0125385          -0.0119447
          -0.0113774          -0.0108357          -0.0103186
         -0.00982511         -0.00935434         -0.00890546
          -0.0084774         -0.00806933         -0.00768043
         -0.00730984         -0.00695679         -0.00662044
         -0.00630011         -0.00599509          -0.0057046
         -0.00542804         -0.00516465           -0.004914
         -0.00467538         -0.00444825         -0.00423207
         -0.00402634         -0.00383056         -0.00364421
         -0.00346691          -0.0032982         -0.00313765
          -0.0029849         -0.00283956         -0.00270126
          -0.0025697         -0.00244452         -0.00232543
         -0.00221212         -0.00210433         -0.00200178
         -0.00190423         -0.00181142         -0.00172313
         -0.00163913         -0.00155924         -0.00148322
         -0.00141091         -0.00134212         -0.00127669
         -0.00121444         -0.00115522          -0.0010989
         -0.00104532        -0.000994342         -0.00094586
         -0.00089974        -0.000855863        -0.000814125
        -0.000774429        -0.000736666        -0.000700737
        -0.000666563        -0.000634061        -0.000603139
        -0.000573722        -0.000545744        -0.000519127
        -0.000493814        -0.000469732        -0.000446824
        -0.000425032        -0.000404303        -0.000384585
        -0.000365831        -0.000347989        -0.000331018
        -0.000314874        -0.000299518         -0.00028491
        -0.000271015        -0.000257798        -0.000245225
        -0.000233265        -0.000221889        -0.000211068
        -0.000200773        -0.000190981        -0.000181667
        -0.000172807         -0.00016438        -0.000156363
        -0.000148738        -0.000141483        -0.000134582
        -0.000128019        -0.000121775        -0.000115837
        -0.000110188        -0.000104814        -9.97018e-05
        -9.48391e-05        -9.02133e-05        -8.58138e-05
        -8.16285e-05        -7.76475e-05        -7.38606e-05
        -7.02585e-05        -6.68321e-05        -6.35726e-05
        -6.04722e-05        -5.75226e-05        -5.47173e-05
        -5.20486e-05        -4.95105e-05        -4.70956e-05
        -4.47989e-05         -4.2614e-05        -4.05356e-05
        -3.85588e-05        -3.66781e-05        -3.48893e-05
        -3.31878e-05        -3.15692e-05        -3.00296e-05
        -2.85649e-05        -2.71717e-05        -2.58466e-05
        -2.45862e-05         -2.3387e-05        -2.22464e-05
        -2.11614e-05        -2.01294e-05        -1.91477e-05
        -1.82138e-05        -1.73256e-05        -1.64805e-05
        -1.56768e-05        -1.49122e-05        -1.41849e-05
        -1.34931e-05        -1.28351e-05        -1.22091e-05
        -1.16136e-05        -1.10472e-05        -1.05085e-05
        -9.99597e-06        -9.50846e-06         -9.0447e-06
        -8.60359e-06        -0.000143137        -0.000150475
        -0.000158191          -0.0001663        -0.000174827
         -0.00018379        -0.000193213         -0.00020312
        -0.000213535        -0.000224482        -0.000235991
        -0.000248091        -0.000260811        -0.000274183
        -0.000288241        -0.000303018        -0.000318555
        -0.000334886        -0.000352057        -0.000370107
        -0.000389083        -0.000409031        -0.000430002
        -0.000452049        -0.000475226        -0.000499591
        -0.000525203        -0.000552132        -0.000580438
        -0.000610198        -0.000641482         -0.00067437
        -0.000708946        -0.000745293        -0.000783505
        -0.000823673          -0.0008659        -0.000910293
        -0.000956959         -0.00100602          -0.0010576
         -0.00111182         -0.00116882         -0.00122873
         -0.00129173         -0.00135794         -0.00142756
         -0.00150074         -0.00157767         -0.00165854
         -0.00174356         -0.00183293         -0.00192688
         -0.00202564         -0.00212947         -0.00223861
         -0.00235334         -0.00247393         -0.00260072
           -0.002734         -0.00287408         -0.00302133
         -0.00317612         -0.00333883         -0.00350987
         -0.00368963          -0.0038786         -0.00407722
         -0.00428596         -0.00450539         -0.00473601
         -0.00497839         -0.00523311         -0.00550082
         -0.00578216         -0.00607781         -0.00638848
         -0.00671494         -0.00705796         -0.00741836
         -0.00779699         -0.00819479         -0.00861263
         -0.00905155          -0.0095125         -0.00999664
           -0.010505          -0.0110387          -0.0115991
          -0.0121872          -0.0128045          -0.0134522
          -0.0141317          -0.0148443          -0.0155917
          -0.0163751          -0.0171963          -0.0180566
          -0.0189575          -0.0199007          -0.0208878
          -0.0219202          -0.0229995          -0.0241271
          -0.0253046           -0.026533          -0.0278138
           -0.029148          -0.0305363          -0.0319797
          -0.0334788          -0.0350332          -0.0366433
          -0.0383079          -0.0400266          -0.0417976
          -0.0436187          -0.0454875          -0.0474002
          -0.0493526            -0.05134           -0.053356
          -0.0553944          -0.0574467          -0.0595049
           -0.061559          -0.0635987          -0.0656123
          -0.0675885          -0.0695139          -0.0713762
           -0.073162          -0.0748583          -0.0764526
          -0.0779326          -0.0792876          -0.0805075
           -0.081584           -0.082511          -0.0832833
          -0.0838994          -0.0843588          -0.0846639
          -0.0848191           -0.084831          -0.0847087
          -0.0844619          -0.0841031          -0.0836453
          -0.0831027          -0.0824896          -0.0818212
          -0.0811124          -0.0803776          -0.0796313
          -0.0788867          -0.0781563          -0.0774518
          -0.0767835          -0.0761605          -0.0755905
          -0.0750799          -0.0746342          -0.0742565
          -0.0739494          -0.0737131          -0.0735471
          -0.0734483          -0.0734134           -0.073436
          -0.0735084          -0.0736212           -0.073763
          -0.0739205          -0.0740781          -0.0742179
          -0.0743207          -0.0743644           -0.074325
          -0.0741768          -0.0738919          -0.0734416
           -0.072796          -0.0719239          -0.0707953
          -0.0693803          -0.0676508           -0.065582
          -0.0631519          -0.0603443          -0.0571484
          -0.0535607          -0.0495856          -0.0452361
          -0.0405341           -0.035511          -0.0302069
          -0.0246703           -0.018957          -0.0131282
         -0.00724967         -0.00138882          0.00438658
           0.0100109           0.0154226           0.0205656
           0.0253913            0.029859           0.0339369
           0.0376026           0.0408423           0.0436511
           0.0460319           0.0479945           0.0495546
           0.0507324           0.0515531           0.0520429
           0.0522309           0.0521465           0.0518191
           0.0512779           0.0505509           0.0496649
           0.0486446           0.0475132           0.0462918
           0.0449996           0.0436538           0.0422696
           0.0408604           0.0394381            0.038013
           0.0365935           0.0351874           0.0338005
           0.0324382           0.0311048           0.0298034
           0.0285369           0.0273071           0.0261158
           0.0249634            0.023851           0.0227786
           0.0217461           0.0207533           0.0197997
           0.0188846           0.0180073           0.0171666
           0.0163619           0.0155919           0.0148556
           0.0141519           0.0134797           0.0128377
           0.0122249           0.0116402           0.0110825
           0.0105504           0.0100432          0.00955972
          0.00909893          0.00865988          0.00824156
           0.0078431          0.00746359          0.00710214
          0.00675799          0.00643029          0.00611837
          0.00582138          0.00553869          0.00526961
          0.00501353          0.00476978          0.00453781
           0.0043171          0.00410705          0.00390716
          0.00371698          0.00353601          0.00336383
          0.00320002          0.00304414          0.00289587
          0.00275478          0.00262056          0.00249286
          0.00237138           0.0022558          0.00214585
          0.00204126          0.00194177           0.0018471
          0.00175706           0.0016714          0.00158991
           0.0015124          0.00143866          0.00136852
          0.00130179          0.00123831          0.00117793
          0.00112049          0.00106585          0.00101388
         0.000964439         0.000917403         0.000872665
         0.000830114         0.000789633         0.000751121
         0.000714492          0.00067965         0.000646504
         0.000614978         0.000584984         0.000556455
         0.000529319         0.000503503         0.000478949
         0.000455591         0.000433371         0.000412236
         0.000392131         0.000373007         0.000354816
         0.000337511         0.000321051         0.000305393
         0.000290499         0.000276332         0.000262855
         0.000250035         0.000237842         0.000226243
         0.000215208         0.000204712         0.000194728
         0.000185231         0.000176197         0.000167605
         0.000159431         0.000151655         0.000144259
         0.000137223          0.00013053         0.000124164
         0.000118109         0.000112348          0.00010687
         0.000101657         9.66995e-05         9.19835e-05
         8.74973e-05         8.32298e-05         7.91706e-05
         7.53097e-05         7.16366e-05         6.81432e-05
         6.48197e-05         6.16585e-05         5.86511e-05
         5.57908e-05         5.30698e-05         5.04815e-05
         4.80195e-05         4.56774e-05         4.34499e-05
         4.13308e-05          3.9315e-05         3.73977e-05
         3.55737e-05         3.38389e-05         3.21886e-05
         3.06187e-05         2.91253e-05         2.77049e-05
         2.63537e-05         2.50685e-05         2.38458e-05
         2.26828e-05         2.15766e-05         2.05242e-05
         1.95233e-05         1.85711e-05         1.76654e-05
         1.68039e-05         1.59844e-05         1.52047e-05
         1.44632e-05         1.37579e-05         1.30869e-05
         1.24486e-05         1.18415e-05          1.1264e-05
         1.07146e-05         1.01921e-05