        -0.000202723        -0.000213116        -0.000224043
         -0.00023553        -0.000247606        -0.000260301
        -0.000273647        -0.000287677        -0.000302426
        -0.000317932        -0.000334233        -0.000351369
        -0.000369384        -0.000388323        -0.000408232
        -0.000429163        -0.000451166        -0.000474298
        -0.000498615        -0.000524179        -0.000551054
        -0.000579307        -0.000609008        -0.000640232
        -0.000673057        -0.000707565        -0.000743842
        -0.000781978         -0.00082207        -0.000864217
        -0.000908525        -0.000955105         -0.00100407
         -0.00105555         -0.00110967         -0.00116656
         -0.00122636         -0.00128924         -0.00135533
         -0.00142482         -0.00149786         -0.00157465
         -0.00165538         -0.00174024         -0.00182945
         -0.00192324         -0.00202183         -0.00212547
         -0.00223442         -0.00234896         -0.00246936
         -0.00259594         -0.00272899         -0.00286887
          -0.0030159         -0.00317047         -0.00333295
         -0.00350376          -0.0036833         -0.00387204
         -0.00407043         -0.00427897         -0.00449819
         -0.00472861         -0.00497081          -0.0052254
         -0.00549299         -0.00577425         -0.00606988
         -0.00638058         -0.00670714         -0.00705035
         -0.00741104          -0.0077901         -0.00818845
         -0.00860705         -0.00904692          -0.0095091
         -0.00999472          -0.0105049          -0.0110409
           -0.011604          -0.0121954          -0.0128166
           -0.013469          -0.0141541          -0.0148734
          -0.0156286          -0.0164214          -0.0172533
          -0.0181264          -0.0190423          -0.0200031
          -0.0210107           -0.022067          -0.0231741
          -0.0243342          -0.0255492          -0.0268214
          -0.0281528          -0.0295456          -0.0310018
          -0.0325234          -0.0341124          -0.0357706
          -0.0374997          -0.0393012          -0.0411764
          -0.0431262          -0.0451514          -0.0472521
          -0.0494282           -0.051679          -0.0540031
          -0.0563983          -0.0588619          -0.0613901
           -0.063978          -0.0666197          -0.0693083
          -0.0720353           -0.074791          -0.0775642
          -0.0803424          -0.0831115          -0.0858559
          -0.0885588          -0.0912019          -0.0937659
          -0.0962307          -0.0985755           -0.100779
            -0.10282           -0.104679           -0.106335
           -0.107771            -0.10897           -0.109917
           -0.110603           -0.111017           -0.111156
           -0.111017           -0.110603           -0.109917
            -0.10897           -0.107771           -0.106335
           -0.104679            -0.10282           -0.100779
          -0.0985755          -0.0962307          -0.0937659
          -0.0912019          -0.0885588           -0.085856
          -0.0831115          -0.0803425          -0.0775643
           -0.074791          -0.0720353          -0.0693083
          -0.0666198           -0.063978          -0.0613901
          -0.0588619          -0.0563983          -0.0540031
           -0.051679          -0.0494283          -0.0472521
          -0.0451514          -0.0431262          -0.0411764
          -0.0393013          -0.0374998          -0.0357707
          -0.0341124          -0.0325234          -0.0310018
          -0.0295456          -0.0281529          -0.0268214
          -0.0255493          -0.0243342          -0.0231742
           -0.022067          -0.0210107          -0.0200032
          -0.0190424          -0.0181264          -0.0172534
          -0.0164214          -0.0156287          -0.0148735
          -0.0141541           -0.013469          -0.0128166
          -0.0121954           -0.011604          -0.0110409
          -0.0105049         -0.00999471         -0.00950909
          -0.0090469         -0.00860704         -0.00818843
         -0.00779006         -0.00741101         -0.00705032
         -0.00670711         -0.00638054         -0.00606983
         -0.00577421         -0.00549294         -0.00522534
         -0.00497076         -0.00472854         -0.00449814
         -0.00427893         -0.00407037         -0.00387199
         -0.00368325         -0.00350372         -0.00333292
         -0.00317044         -0.00301586         -0.00286883
         -0.00272896          -0.0025959         -0.00246934
         -0.00234893         -0.00223438         -0.00212544
          -0.0020218         -0.00192321         -0.00182942
         -0.00174021         -0.00165536         -0.00157462
         -0.00149784          -0.0014248         -0.00135531
         -0.00128922         -0.00122635         -0.00116654
         -0.00110964         -0.00105553         -0.00100406
        -0.000955096        -0.000908508        -0.000864205
        -0.000822058        -0.000781963        -0.000743827
        -0.000707557        -0.000673045        -0.000640219
        -0.000609001        -0.000579301        -0.000551047
        -0.000524168        -0.000498604        -0.000474288
         -0.00045116        -0.000429154        -0.000408226
        -0.000388317        -0.000369374        -0.000351364
        -0.000334225        -0.000317928        -0.000302421
        -0.000287672        -0.000273642        -0.000260296
        -0.000247602        -0.000235526        -0.000224039
        -0.000213113        -0.000202719        -0.000192833
        -0.000183427        -0.000174483        -0.000165973
        -0.000157878        -0.000150179        -0.000142854
        -0.000135887         -0.00012926        -0.000122956
        -0.000116959        -0.000111255        -0.000105829
        -0.000100668        -9.57578e-05        -9.10877e-05
        -8.66452e-05        -8.24197e-05        -7.84001e-05
        -7.45763e-05        -7.09392e-05        -6.74799e-05
        -6.41881e-05        -6.10582e-05        -5.80801e-05
        -5.52478e-05        -5.25526e-05        -4.99899e-05
        -4.75515e-05        -4.52326e-05        -4.30265e-05
        -4.09285e-05        -3.89321e-05        -3.70334e-05
        -3.52275e-05        -3.35093e-05         -3.1875e-05
        -3.03204e-05        -2.88416e-05         -2.7435e-05
         -2.6097e-05        -2.48243e-05        -2.36135e-05
        -2.24619e-05        -2.13665e-05        -2.03243e-05
        -1.93332e-05        -1.83903e-05        -1.74934e-05
        -1.66402e-05        -1.58286e-05        -1.50567e-05
        -1.43223e-05        -1.36238e-05        -1.29594e-05
        -1.23274e-05        -1.17262e-05        -1.11543e-05
        -1.06102e-05        -1.00928e-05         -9.6006e-06
        -9.13233e-06        -8.68696e-06         -8.2633e-06
        -7.86032e-06         -7.4769e-06        -7.11226e-06
        -6.76537e-06        -6.43545e-06         -6.1216e-06
        -5.82298e-06        -5.53901e-06        -5.26894e-06
         -5.0119e-06        -4.76752e-06          -4.535e-06
        -4.31378e-06        -4.10341e-06        -3.90332e-06
        -3.71291e-06        -3.53189e-06         -3.3596e-06
        -3.19578e-06        -3.03989e-06        -2.89164e-06
        -2.75061e-06        -2.61646e-06        -2.48886e-06
        -2.36746e-06          -2.252e-06        -2.14219e-06
         -2.0377e-06        -1.93832e-06        -1.84379e-06
        -1.75386e-06        -1.66833e-06        -1.58696e-06
        -1.50956e-06        -1.43594e-06        -1.36591e-06
         -1.2993e-06        -1.23592e-06        -1.17566e-06
        -1.11832e-06        -1.06377e-06        -1.01189e-06
        -9.62538e-07        -9.15603e-07        -8.70948e-07
        -8.28467e-07        -7.88065e-07        -7.49627e-07
        -7.13068e-07        -6.78296e-07        -6.45212e-07
        -6.13741e-07        -5.83815e-07        -5.55338e-07
        -5.28254e-07        -0.000197237        -0.000207349
         -0.00021798        -0.000229156        -0.000240905
        -0.000253257        -0.000266241        -0.000279892
        -0.000294242        -0.000309328        -0.000325188
         -0.00034186        -0.000359388        -0.000377814
        -0.000397185        -0.000417549        -0.000438957
        -0.000461462        -0.000485122        -0.000509994
        -0.000536142         -0.00056363        -0.000592527
        -0.000622906        -0.000654843        -0.000688417
        -0.000723712        -0.000760816        -0.000799823
         -0.00084083        -0.000883939        -0.000929258
          -0.0009769         -0.00102698         -0.00107964
         -0.00113499         -0.00119318         -0.00125435
         -0.00131865         -0.00138626         -0.00145733
         -0.00153204         -0.00161058         -0.00169315
         -0.00177994         -0.00187119         -0.00196711
         -0.00206795         -0.00217396         -0.00228539
         -0.00240254         -0.00252569         -0.00265514
         -0.00279123         -0.00293429         -0.00308467
         -0.00324276         -0.00340894         -0.00358362
         -0.00376725         -0.00396028         -0.00416318
         -0.00437646         -0.00460064         -0.00483629
         -0.00508399         -0.00534434         -0.00561799
         -0.00590561         -0.00620791         -0.00652563
         -0.00685955         -0.00721048         -0.00757929
         -0.00796685         -0.00837413         -0.00880209
         -0.00925177         -0.00972424          -0.0102206
          -0.0107421            -0.01129          -0.0118654
          -0.0124698          -0.0131045          -0.0137711
          -0.0144709          -0.0152057           -0.015977
          -0.0167864          -0.0176359           -0.018527
          -0.0194618          -0.0204421          -0.0214698
           -0.022547          -0.0236756          -0.0248578
          -0.0260956          -0.0273909           -0.028746
          -0.0301628          -0.0316433          -0.0331893
          -0.0348026          -0.0364849          -0.0382377
          -0.0400621          -0.0419591          -0.0439295
          -0.0459734          -0.0480906          -0.0502804
          -0.0525416          -0.0548721           -0.057269
          -0.0597287          -0.0622466          -0.0648169
          -0.0674327          -0.0700859           -0.072767
          -0.0754652          -0.0781682          -0.0808624
          -0.0835325          -0.0861622          -0.0887338
          -0.0912285          -0.0936265          -0.0959078
          -0.0980518           -0.100038           -0.101846
           -0.103458           -0.104854           -0.106021
           -0.106943            -0.10761           -0.108013
           -0.108148           -0.108013            -0.10761
           -0.106943           -0.106021           -0.104854
           -0.103458           -0.101846           -0.100038
          -0.0980518          -0.0959078          -0.0936266
          -0.0912285          -0.0887338          -0.0861622
          -0.0835325          -0.0808624          -0.0781682
          -0.0754652           -0.072767          -0.0700859
          -0.0674327          -0.0648169          -0.0622466
          -0.0597288           -0.057269          -0.0548721
          -0.0525417          -0.0502805          -0.0480906
          -0.0459734          -0.0439295          -0.0419592
          -0.0400621          -0.0382377           -0.036485
          -0.0348026          -0.0331893          -0.0316433
          -0.0301629          -0.0287461           -0.027391
          -0.0260956          -0.0248579          -0.0236757
           -0.022547          -0.0214699          -0.0204421
          -0.0194618          -0.0185271          -0.0176359
          -0.0167865           -0.015977          -0.0152057
           -0.014471          -0.0137711          -0.0131045
          -0.0124698          -0.0118654            -0.01129
          -0.0107421          -0.0102206         -0.00972423
         -0.00925175         -0.00880207         -0.00837411
         -0.00796683         -0.00757924         -0.00721045
         -0.00685951         -0.00652559         -0.00620786
         -0.00590556         -0.00561794         -0.00534428
         -0.00508394         -0.00483623         -0.00460058
          -0.0043764         -0.00416312         -0.00396021
          -0.0037672         -0.00358357         -0.00340889
         -0.00324271         -0.00308463         -0.00293424
         -0.00279118          -0.0026551         -0.00252564
          -0.0024025         -0.00228536         -0.00217391
         -0.00206792         -0.00196708         -0.00187115
          -0.0017799         -0.00169312         -0.00161055
         -0.00153201          -0.0014573         -0.00138623
         -0.00131862         -0.00125433         -0.00119316
         -0.00113497         -0.00107961         -0.00102696
        -0.000976883        -0.000929246         -0.00088392
        -0.000840815        -0.000799808        -0.000760799
        -0.000723695        -0.000688405        -0.000654828
        -0.000622892        -0.000592517        -0.000563623
        -0.000536132        -0.000509981        -0.000485109
        -0.000461451        -0.000438948        -0.000417539
        -0.000397177        -0.000377808        -0.000359377
        -0.000341854        -0.000325179        -0.000309323
        -0.000294236        -0.000279886        -0.000266235
        -0.000253251          -0.0002409        -0.000229151
        -0.000217976        -0.000207345        -0.000197232
        -0.000187613        -0.000178463         -0.00016976
        -0.000161481        -0.000153604        -0.000146114
        -0.000138988        -0.000132209        -0.000125762
        -0.000119628        -0.000113794        -0.000108243
        -0.000102964        -9.79431e-05        -9.31661e-05
        -8.86223e-05        -8.43002e-05         -8.0189e-05
         -7.6278e-05        -7.25579e-05        -6.90192e-05
        -6.56534e-05        -6.24508e-05        -5.94055e-05
         -5.6508e-05        -5.37525e-05        -5.11303e-05
         -4.8637e-05        -4.62645e-05        -4.40084e-05
         -4.1862e-05        -3.98207e-05        -3.78785e-05
        -3.60311e-05        -3.42739e-05        -3.26025e-05
        -3.10122e-05        -2.94998e-05        -2.80609e-05
        -2.66925e-05        -2.53907e-05        -2.41524e-05
        -2.29744e-05         -2.1854e-05        -2.07882e-05
        -1.97742e-05          -1.881e-05        -1.78926e-05
        -1.70199e-05        -1.61899e-05        -1.54002e-05
        -1.46492e-05        -1.39347e-05        -1.32551e-05
        -1.26087e-05        -1.19938e-05        -1.14088e-05
        -1.08524e-05        -1.03231e-05        -9.81967e-06
        -9.34075e-06        -8.88517e-06        -8.45187e-06
        -8.03965e-06        -7.64758e-06        -7.27452e-06
        -6.91976e-06        -6.58225e-06        -6.26128e-06
        -5.95593e-06        -5.66536e-06        -5.38908e-06
        -5.12635e-06        -4.87625e-06        -4.63848e-06
        -4.41226e-06        -4.19702e-06        -3.99235e-06
        -3.79769e-06         -3.6124e-06        -3.43629e-06
        -3.26867e-06        -3.10927e-06        -2.95762e-06
        -2.81336e-06        -2.67617e-06        -2.54564e-06
         -2.4215e-06        -2.30339e-06        -2.19105e-06
        -2.08421e-06        -1.98255e-06        -1.88586e-06
        -1.79388e-06        -1.70639e-06        -1.62317e-06
        -1.54401e-06         -1.4687e-06        -1.39707e-06
        -1.32894e-06        -1.26413e-06        -1.20247e-06
        -1.14384e-06        -1.08805e-06        -1.03498e-06
        -9.84503e-07        -9.36486e-07        -8.90819e-07
        -8.47376e-07        -8.06044e-07        -7.66736e-07
        -7.29339e-07        -6.93767e-07        -6.59937e-07
        -6.27747e-07         -5.9713e-07        -5.68013e-07
        -5.40308e-07        -5.13956e-07