              0       -4.42792       -5.09522       -5.09522       -4.42792
              1        -4.4467       -5.11247       -5.11247        -4.4467
              2       -4.37295       -4.97264       -4.97264       -4.37295
              3       -4.20935        -4.6839        -4.6839       -4.20935
              4       -3.96042       -4.25881       -4.25881       -3.96042
              5       -3.63239       -3.71377       -3.71377       -3.63239
              6       -3.23307       -3.06847       -3.06847       -3.23307
              7       -2.77163       -2.34515       -2.34515       -2.77163
              8       -2.25842       -1.56793       -1.56793       -2.25842
              9       -1.70474      -0.761955      -0.761955       -1.70474
             10       -1.12259      0.0473637      0.0473637       -1.12259
             11      -0.524414       0.835144       0.835144      -0.524414
             12      0.0771805        1.57778        1.57778      0.0771805
             13        0.66966        2.25364        2.25364        0.66966
             14        1.24084        2.84367        2.84367        1.24084
             15        1.77913        3.33192        3.33192        1.77913
             16        2.27378        3.70596        3.70596        2.27378
             17        2.71505        3.95715        3.95715        2.71505
             18        3.09445        4.08086        4.08086        3.09445
             19        3.40489        4.07645        4.07645        3.40489
             20        3.64078        3.94724        3.94724        3.64078
             21        3.79815        3.70029        3.70029        3.79815
             22        3.87472        3.34608        3.34608        3.87472
             23        3.86991        2.89814        2.89814        3.86991
             24        3.78483        2.37251        2.37251        3.78483
             25        3.62226        1.78722        1.78722        3.62226
             26        3.38653         1.1617         1.1617        3.38653
             27        3.08346       0.516111       0.516111        3.08346
             28        2.72016      -0.129272      -0.129272        2.72016
             29        2.30495      -0.754676      -0.754676        2.30495
             30        1.84707       -1.34143       -1.34143        1.84707
             31        1.35658       -1.87252       -1.87252        1.35658
             32       0.844047       -2.33306       -2.33306       0.844047
             33         0.3204       -2.71067       -2.71067         0.3204
             34      -0.203358       -2.99585       -2.99585      -0.203358
             35      -0.716355       -3.18215       -3.18215      -0.716355
             36       -1.20808       -3.26633       -3.26633       -1.20808
             37       -1.66858       -3.24832       -3.24832       -1.66858
             38        -2.0887       -3.13124       -3.13124        -2.0887
             39       -2.46022       -2.92111       -2.92111       -2.46022
             40       -2.77604       -2.62668       -2.62668       -2.77604
             41       -3.03029       -2.25908       -2.25908       -3.03029
             42       -3.21847       -1.83138       -1.83138       -3.21847
             43        -3.3375       -1.35818       -1.35818        -3.3375
             44       -3.38576      -0.855107      -0.855107       -3.38576
             45       -3.36314      -0.338318      -0.338318       -3.36314
             46       -3.27101       0.176012       0.176012       -3.27101
             47       -3.11212       0.672183       0.672183       -3.11212
             48       -2.89063        1.13544        1.13544       -2.89063
             49        -2.6119        1.55241        1.55241        -2.6119
             50       -2.28244        1.91146        1.91146       -2.28244
             51       -1.90971        2.20303        2.20303       -1.90971
             52       -1.50201        2.41986        2.41986       -1.50201
             53       -1.06821        2.55716        2.55716       -1.06821
             54      -0.617667        2.61269        2.61269      -0.617667
             55      -0.159926        2.58679        2.58679      -0.159926
             56       0.295419        2.48227        2.48227       0.295419
             57       0.738945        2.30428        2.30428       0.738945
             58         1.1616         2.0601         2.0601         1.1616
             59        1.55486        1.75886        1.75886        1.55486
             60        1.91093        1.41119        1.41119        1.91093
             61         2.2229        1.02892        1.02892         2.2229
             62        2.48483       0.624606       0.624606        2.48483
             63        2.69192       0.211187       0.211187        2.69192
             64        2.84054      -0.198442      -0.198442        2.84054
             65        2.92835      -0.591823      -0.591823        2.92835
             66        2.95428      -0.957306      -0.957306        2.95428
             67        2.91856       -1.28439       -1.28439        2.91856
             68        2.82272       -1.56399       -1.56399        2.82272
             69        2.66948       -1.78873       -1.78873        2.66948
             70        2.46274       -1.95309       -1.95309        2.46274
             71        2.20747       -2.05351       -2.05351        2.20747
             72        1.90957       -2.08853       -2.08853        1.90957
             73        1.57575       -2.05867       -2.05867        1.57575
             74        1.21339       -1.96648       -1.96648        1.21339
             75       0.830377       -1.81632       -1.81632       0.830377
             76       0.434907       -1.61423       -1.61423       0.434907
             77       0.035349       -1.36769       -1.36769       0.035349
             78      -0.359954       -1.08537       -1.08537      -0.359954
             79      -0.742848      -0.776791      -0.776791      -0.742848
             80       -1.10554      -0.452071      -0.452071       -1.10554
             81       -1.44076      -0.121558      -0.121558       -1.44076
             82       -1.74189       0.204477       0.204477       -1.74189
             83        -2.0031       0.516154       0.516154        -2.0031
             84       -2.21947        0.80428        0.80428       -2.21947
             85       -2.38707        1.06061        1.06061       -2.38707
             86       -2.50304        1.27808        1.27808       -2.50304
             87       -2.56559        1.45099        1.45099       -2.56559
             88       -2.57412        1.57514        1.57514       -2.57412
             89       -2.52911        1.64795        1.64795       -2.52911
             90       -2.43217        1.66846        1.66846       -2.43217
             91       -2.28595        1.63733        1.63733       -2.28595
             92       -2.09411        1.55681        1.55681       -2.09411
             93        -1.8612        1.43058        1.43058        -1.8612
             94       -1.59257        1.26364        1.26364       -1.59257
             95       -1.29424        1.06214        1.06214       -1.29424
             96      -0.972767       0.833081       0.833081      -0.972767
             97      -0.635119       0.584185       0.584185      -0.635119
             98      -0.288504       0.323566       0.323566      -0.288504
             99      0.0597712       0.059501       0.059501      0.0597712
            100       0.402456      -0.199833      -0.199833       0.402456
            101       0.732508      -0.446608      -0.446608       0.732508
            102        1.04323      -0.673573      -0.673573        1.04323
            103        1.32843      -0.874265      -0.874265        1.32843
            104        1.58248       -1.04319       -1.04319        1.58248
            105        1.80052       -1.17595       -1.17595        1.80052
            106        1.97847       -1.26939       -1.26939        1.97847
            107        2.11312       -1.32161       -1.32161        2.11312
            108        2.20223       -1.33204       -1.33204        2.20223
            109        2.24452       -1.30139       -1.30139        2.24452
            110         2.2397       -1.23163       -1.23163         2.2397
            111        2.18844       -1.12586       -1.12586        2.18844
            112         2.0924      -0.988213      -0.988213         2.0924
            113        1.95413      -0.823705      -0.823705        1.95413
            114        1.77703       -0.63804       -0.63804        1.77703
            115        1.56525      -0.437433      -0.437433        1.56525
            116        1.32363      -0.228401      -0.228401        1.32363
            117        1.05755      -0.017558      -0.017558        1.05755
            118       0.772843        0.18859        0.18859       0.772843
            119        0.47565       0.383842       0.383842        0.47565
            120       0.172296       0.562487       0.562487       0.172296
            121      -0.130846       0.719462       0.719462      -0.130846
            122      -0.427487       0.850496       0.850496      -0.427487
            123       -0.71155       0.952216       0.952216       -0.71155
            124      -0.977297        1.02223        1.02223      -0.977297
            125       -1.21944        1.05919        1.05919       -1.21944
            126       -1.43325        1.06278        1.06278       -1.43325
            127       -1.61464        1.03371        1.03371       -1.61464
            128       -1.76025       0.973685       0.973685       -1.76025
            129        -1.8675       0.885316       0.885316        -1.8675
            130       -1.93465       0.772013       0.772013       -1.93465
            131       -1.96081       0.637867       0.637867       -1.96081
            132       -1.94594       0.487504       0.487504       -1.94594
            133       -1.89087       0.325936       0.325936       -1.89087
            134       -1.79724        0.15839        0.15839       -1.79724
            135       -1.66747    -0.00985063    -0.00985063       -1.66747
            136       -1.50471      -0.173614      -0.173614       -1.50471
            137       -1.31275      -0.327993      -0.327993       -1.31275
            138       -1.09594       -0.46849       -0.46849       -1.09594
            139      -0.859093      -0.591144      -0.591144      -0.859093
            140       -0.60737      -0.692641      -0.692641       -0.60737
            141      -0.346182      -0.770394      -0.770394      -0.346182
            142     -0.0810716      -0.822612      -0.822612     -0.0810716
            143       0.182411      -0.848327      -0.848327       0.182411
            144       0.438818       -0.84741       -0.84741       0.438818
            145       0.682914       -0.82055       -0.82055       0.682914
            146       0.909787      -0.769213      -0.769213       0.909787
            147        1.11494       -0.69558       -0.69558        1.11494
            148         1.2944      -0.602461      -0.602461         1.2944
            149        1.44474      -0.493192      -0.493192        1.44474
            150        1.56322      -0.371524      -0.371524        1.56322
            151        1.64777      -0.241491      -0.241491        1.64777
            152        1.69707      -0.107285      -0.107285        1.69707
            153        1.71052      0.0268768      0.0268768        1.71052
            154         1.6883       0.156885       0.156885         1.6883
            155        1.63132        0.27886        0.27886        1.63132
            156        1.54119       0.389262       0.389262        1.54119
            157        1.42019       0.484997       0.484997        1.42019
            158        1.27123       0.563494       0.563494        1.27123
            159        1.09774       0.622777       0.622777        1.09774
            160        0.90363       0.661505       0.661505        0.90363
            161       0.693189       0.679002       0.679002       0.693189
            162       0.470989        0.67526        0.67526       0.470989
            163       0.241788       0.650919       0.650919       0.241788
            164      0.0104297       0.607236       0.607236      0.0104297
            165      -0.218256       0.546032       0.546032      -0.218256
            166      -0.439555       0.469614       0.469614      -0.439555
            167      -0.648967       0.380704       0.380704      -0.648967
            168      -0.842294       0.282335       0.282335      -0.842294
            169       -1.01572       0.177756       0.177756       -1.01572
            170       -1.16591      0.0703263      0.0703263       -1.16591
            171       -1.29001     -0.0365922     -0.0365922       -1.29001
            172       -1.38579      -0.139736      -0.139736       -1.38579
            173       -1.45161      -0.236038      -0.236038       -1.45161
            174       -1.48648      -0.322717      -0.322717       -1.48648
            175       -1.49006      -0.397356      -0.397356       -1.49006
            176       -1.46266      -0.457967      -0.457967       -1.46266
            177       -1.40525      -0.503041      -0.503041       -1.40525
            178       -1.31939      -0.531581      -0.531581       -1.31939
            179       -1.20721      -0.543125      -0.543125       -1.20721
            180       -1.07138      -0.537741      -0.537741       -1.07138
            181      -0.915002      -0.516012      -0.516012      -0.915002
            182      -0.741588      -0.479011      -0.479011      -0.741588
            183      -0.554946      -0.428251      -0.428251      -0.554946
            184      -0.359117      -0.365628      -0.365628      -0.359117
            185      -0.158279      -0.293356      -0.293356      -0.158279
            186      0.0433364      -0.213889      -0.213889      0.0433364
            187       0.241534       -0.12984       -0.12984       0.241534
            188       0.432244     -0.0438991     -0.0438991       0.432244
            189         0.6116      0.0412543      0.0412543         0.6116
            190       0.776022        0.12303        0.12303       0.776022
            191       0.922283       0.199006       0.199006       0.922283
            192        1.04757       0.266999       0.266999        1.04757
            193        1.14956       0.325123       0.325123        1.14956
            194        1.22641       0.371842       0.371842        1.22641
            195        1.27684       0.406007       0.406007        1.27684
            196        1.30014       0.426884       0.426884        1.30014
            197        1.29616       0.434162       0.434162        1.29616
